,date,preds_0_Rocky Flats,actual,preds_1_Rocky Flats,preds_2_Rocky Flats,preds_3_Rocky Flats,preds_4_Rocky Flats,preds_5_Rocky Flats,site_name,lat,lon
0,2023-05-02 15:00:00+00:00,0.043037564,0.043,0.04410815,0.038867768,0.03981104,0.04890531,0.04282777,Rocky Flats,39.912799,-105.188587
1,2023-05-02 16:00:00+00:00,0.045682367,0.042,0.048150197,0.0430558,0.044158287,0.051951844,0.04866992,Rocky Flats,39.912799,-105.188587
2,2023-05-02 17:00:00+00:00,0.04439903,0.04,0.051671624,0.047471315,0.04926201,0.05370159,0.051573582,Rocky Flats,39.912799,-105.188587
3,2023-05-02 18:00:00+00:00,0.042322524,0.046,0.050695095,0.052499447,0.053909194,0.055120643,0.054887157,Rocky Flats,39.912799,-105.188587
4,2023-05-02 19:00:00+00:00,0.049437128,0.055,0.048011687,0.05713287,0.057759594,0.055894505,0.058506522,Rocky Flats,39.912799,-105.188587
5,2023-05-02 20:00:00+00:00,0.057795122,0.056,0.053280592,0.05953692,0.05981998,0.056871444,0.060492795,Rocky Flats,39.912799,-105.188587
6,2023-05-02 21:00:00+00:00,0.05663603,0.063,0.058052253,0.059934877,0.061272833,0.056816723,0.05949063,Rocky Flats,39.912799,-105.188587
7,2023-05-02 22:00:00+00:00,0.06363372,0.063,0.056596637,0.05877952,0.061537486,0.056676105,0.05855956,Rocky Flats,39.912799,-105.188587
8,2023-05-02 23:00:00+00:00,0.06052324,0.059000000000000004,0.06197178,0.05950818,0.06087321,0.05624548,0.058968235,Rocky Flats,39.912799,-105.188587
9,2023-05-03 00:00:00+00:00,0.056627825,0.056,0.058244385,0.059234254,0.059777994,0.054524135,0.05853928,Rocky Flats,39.912799,-105.188587
10,2023-05-03 01:00:00+00:00,0.052973304,0.059000000000000004,0.05548146,0.057704914,0.05737869,0.052523848,0.05684078,Rocky Flats,39.912799,-105.188587
11,2023-05-03 02:00:00+00:00,0.056806535,0.056999999999999995,0.05325476,0.05449477,0.05505784,0.050348524,0.053968817,Rocky Flats,39.912799,-105.188587
12,2023-05-03 03:00:00+00:00,0.05341969,0.055,0.054967623,0.049845856,0.052550398,0.049254443,0.05146666,Rocky Flats,39.912799,-105.188587
13,2023-05-03 04:00:00+00:00,0.052312396,0.063,0.052109756,0.04731829,0.050789025,0.049286883,0.049850278,Rocky Flats,39.912799,-105.188587
14,2023-05-03 05:00:00+00:00,0.061912294,0.052,0.05089452,0.047749434,0.049220998,0.047188196,0.048270877,Rocky Flats,39.912799,-105.188587
15,2023-05-03 06:00:00+00:00,0.04859016,0.051,0.057737704,0.046272676,0.048075292,0.046243027,0.0468288,Rocky Flats,39.912799,-105.188587
16,2023-05-03 07:00:00+00:00,0.05017811,0.053,0.046881165,0.044974837,0.046570618,0.046900522,0.04423809,Rocky Flats,39.912799,-105.188587
17,2023-05-03 08:00:00+00:00,0.052617267,0.048,0.049362775,0.047911745,0.04641344,0.043232754,0.041619934,Rocky Flats,39.912799,-105.188587
18,2023-05-03 09:00:00+00:00,0.046951976,0.052,0.05071309,0.044636432,0.04516383,0.042212196,0.038026124,Rocky Flats,39.912799,-105.188587
19,2023-05-03 10:00:00+00:00,0.051334325,0.054,0.045549143,0.045171276,0.04441922,0.039928287,0.037131008,Rocky Flats,39.912799,-105.188587
20,2023-05-03 11:00:00+00:00,0.05257871,0.05800000000000001,0.049980346,0.044988684,0.043610133,0.0378741,0.035565753,Rocky Flats,39.912799,-105.188587
21,2023-05-03 12:00:00+00:00,0.056010354,0.053,0.04997739,0.04236048,0.040711597,0.03782323,0.034057144,Rocky Flats,39.912799,-105.188587
22,2023-05-03 13:00:00+00:00,0.049810518,0.054,0.05359388,0.041574605,0.039518334,0.03962649,0.033221163,Rocky Flats,39.912799,-105.188587
23,2023-05-03 14:00:00+00:00,0.052877113,0.046,0.048458435,0.04234085,0.039812673,0.04343464,0.033449396,Rocky Flats,39.912799,-105.188587
24,2023-05-03 15:00:00+00:00,0.045479562,0.052,0.05221245,0.04562776,0.04169571,0.04748467,0.039290696,Rocky Flats,39.912799,-105.188587
25,2023-05-03 16:00:00+00:00,0.054707166,0.049,0.047401015,0.048039503,0.04601308,0.04968091,0.045885496,Rocky Flats,39.912799,-105.188587
26,2023-05-03 17:00:00+00:00,0.04971209,0.044,0.058008906,0.05087406,0.050638437,0.05259328,0.05013812,Rocky Flats,39.912799,-105.188587
27,2023-05-03 18:00:00+00:00,0.04447746,0.047,0.052441653,0.05273874,0.055142723,0.055170275,0.052332148,Rocky Flats,39.912799,-105.188587
28,2023-05-03 19:00:00+00:00,0.050000627,0.052,0.04841928,0.055930335,0.05745138,0.056538157,0.054320343,Rocky Flats,39.912799,-105.188587
29,2023-05-03 20:00:00+00:00,0.05456875,0.06,0.05328863,0.054232292,0.059385248,0.0576265,0.056564726,Rocky Flats,39.912799,-105.188587
30,2023-05-03 21:00:00+00:00,0.063222975,0.063,0.057232205,0.04878376,0.059352435,0.05812322,0.05765211,Rocky Flats,39.912799,-105.188587
31,2023-05-03 22:00:00+00:00,0.06385564,0.068,0.06409401,0.04892405,0.060487516,0.05843831,0.057136804,Rocky Flats,39.912799,-105.188587
32,2023-05-03 23:00:00+00:00,0.068856955,0.071,0.06267004,0.04998873,0.059184935,0.058348853,0.054923806,Rocky Flats,39.912799,-105.188587
33,2023-05-04 00:00:00+00:00,0.06761615,0.072,0.065948114,0.052274257,0.05724975,0.057648465,0.051344782,Rocky Flats,39.912799,-105.188587
34,2023-05-04 01:00:00+00:00,0.06735233,0.07,0.06152728,0.05150897,0.055485606,0.05505583,0.04951338,Rocky Flats,39.912799,-105.188587
35,2023-05-04 02:00:00+00:00,0.065093145,0.067,0.06358826,0.051232863,0.052920423,0.054370064,0.048818275,Rocky Flats,39.912799,-105.188587
36,2023-05-04 03:00:00+00:00,0.06226219,0.062000000000000006,0.061327502,0.052027225,0.050721105,0.054021206,0.048570417,Rocky Flats,39.912799,-105.188587
37,2023-05-04 04:00:00+00:00,0.058651306,0.06,0.060272396,0.05277184,0.04867566,0.055971343,0.048612203,Rocky Flats,39.912799,-105.188587
38,2023-05-04 05:00:00+00:00,0.058478136,0.062000000000000006,0.057395887,0.052316673,0.04848473,0.057107,0.0487401,Rocky Flats,39.912799,-105.188587
39,2023-05-04 06:00:00+00:00,0.06139529,0.053,0.057489928,0.051858462,0.049683604,0.056723755,0.047916986,Rocky Flats,39.912799,-105.188587
40,2023-05-04 07:00:00+00:00,0.051891495,0.054,0.05908006,0.050874438,0.05213144,0.057154395,0.047940288,Rocky Flats,39.912799,-105.188587
41,2023-05-04 08:00:00+00:00,0.05394178,0.06,0.050871328,0.051134676,0.05283926,0.05552924,0.04740338,Rocky Flats,39.912799,-105.188587
42,2023-05-04 09:00:00+00:00,0.05994335,0.052,0.05246772,0.051992137,0.051942397,0.05501092,0.046724945,Rocky Flats,39.912799,-105.188587
43,2023-05-04 10:00:00+00:00,0.04902961,0.05,0.056517098,0.048798613,0.05025539,0.050646186,0.046012174,Rocky Flats,39.912799,-105.188587
44,2023-05-04 11:00:00+00:00,0.047761165,0.051,0.047263134,0.04757799,0.048510853,0.04867605,0.04512492,Rocky Flats,39.912799,-105.188587
45,2023-05-04 12:00:00+00:00,0.049081873,0.055,0.04609135,0.047420815,0.04716325,0.04839107,0.0450322,Rocky Flats,39.912799,-105.188587
46,2023-05-04 13:00:00+00:00,0.05286479,0.048,0.04651475,0.044601057,0.045463353,0.04802386,0.043988068,Rocky Flats,39.912799,-105.188587
47,2023-05-04 14:00:00+00:00,0.046197757,0.052,0.05110218,0.044803485,0.045398757,0.05049718,0.043751337,Rocky Flats,39.912799,-105.188587
48,2023-05-04 15:00:00+00:00,0.052256234,0.032,0.04654213,0.047071937,0.04677434,0.05361651,0.047748584,Rocky Flats,39.912799,-105.188587
49,2023-05-04 16:00:00+00:00,0.03371321,0.034,0.052027803,0.04997236,0.04737543,0.056090817,0.051975753,Rocky Flats,39.912799,-105.188587
50,2023-05-04 17:00:00+00:00,0.037427098,0.056999999999999995,0.0391404,0.05012312,0.04941017,0.05705742,0.055159517,Rocky Flats,39.912799,-105.188587
51,2023-05-04 18:00:00+00:00,0.061548475,0.05800000000000001,0.04346245,0.05074465,0.051566023,0.057868257,0.057293583,Rocky Flats,39.912799,-105.188587
52,2023-05-04 19:00:00+00:00,0.0574103,0.055,0.06270527,0.0440932,0.054156046,0.058760878,0.058482997,Rocky Flats,39.912799,-105.188587
53,2023-05-04 20:00:00+00:00,0.054064862,0.063,0.055136018,0.043863878,0.05399658,0.057827033,0.058258772,Rocky Flats,39.912799,-105.188587
54,2023-05-04 21:00:00+00:00,0.063080095,0.067,0.052702423,0.054438956,0.05518483,0.057571754,0.05829365,Rocky Flats,39.912799,-105.188587
55,2023-05-04 22:00:00+00:00,0.06567808,0.068,0.060161564,0.05665644,0.052100427,0.057269365,0.058393013,Rocky Flats,39.912799,-105.188587
56,2023-05-04 23:00:00+00:00,0.06536432,0.07,0.060967825,0.05518156,0.05295746,0.056487087,0.05846749,Rocky Flats,39.912799,-105.188587
57,2023-05-05 00:00:00+00:00,0.066522956,0.063,0.059969638,0.06064326,0.054813676,0.05458014,0.057418592,Rocky Flats,39.912799,-105.188587
58,2023-05-05 01:00:00+00:00,0.058469176,0.06,0.06023156,0.063300796,0.05335276,0.053275727,0.05480689,Rocky Flats,39.912799,-105.188587
59,2023-05-05 02:00:00+00:00,0.056905035,0.061,0.05591227,0.062143173,0.050807845,0.047516786,0.04968949,Rocky Flats,39.912799,-105.188587
60,2023-05-05 03:00:00+00:00,0.05774968,0.06,0.0529135,0.061469853,0.04899872,0.04547928,0.04511066,Rocky Flats,39.912799,-105.188587
61,2023-05-05 04:00:00+00:00,0.05711651,0.059000000000000004,0.054378264,0.055532042,0.04775079,0.04726504,0.043053877,Rocky Flats,39.912799,-105.188587
62,2023-05-05 05:00:00+00:00,0.05642916,0.06,0.052687675,0.052560396,0.0471483,0.046414696,0.041271076,Rocky Flats,39.912799,-105.188587
63,2023-05-05 06:00:00+00:00,0.05862168,0.048,0.053401645,0.050321776,0.047733773,0.044031933,0.04091048,Rocky Flats,39.912799,-105.188587
64,2023-05-05 07:00:00+00:00,0.045617044,0.048,0.055075698,0.045303714,0.047017075,0.04229419,0.038407486,Rocky Flats,39.912799,-105.188587
65,2023-05-05 08:00:00+00:00,0.04734661,0.054,0.04371461,0.04244001,0.046583857,0.04203065,0.03802904,Rocky Flats,39.912799,-105.188587
66,2023-05-05 09:00:00+00:00,0.053589292,0.053,0.046274576,0.041801974,0.046646867,0.0420656,0.038910486,Rocky Flats,39.912799,-105.188587
67,2023-05-05 10:00:00+00:00,0.050918207,0.06,0.05081708,0.037207615,0.046053693,0.04335667,0.03946786,Rocky Flats,39.912799,-105.188587
68,2023-05-05 11:00:00+00:00,0.05838601,0.052,0.04789581,0.03600854,0.045284253,0.041863535,0.04012045,Rocky Flats,39.912799,-105.188587
69,2023-05-05 12:00:00+00:00,0.04780496,0.055,0.05471758,0.035137832,0.044879343,0.0411147,0.042352725,Rocky Flats,39.912799,-105.188587
70,2023-05-05 13:00:00+00:00,0.05327797,0.045,0.045794137,0.034022495,0.04317904,0.04351866,0.04609852,Rocky Flats,39.912799,-105.188587
71,2023-05-05 14:00:00+00:00,0.043197736,0.047,0.051992703,0.036529887,0.04520384,0.0482479,0.049482334,Rocky Flats,39.912799,-105.188587
72,2023-05-05 15:00:00+00:00,0.047921635,0.053,0.04484778,0.03943487,0.04869052,0.05301003,0.05156429,Rocky Flats,39.912799,-105.188587
73,2023-05-05 16:00:00+00:00,0.05539334,0.051,0.051400524,0.044141892,0.052287653,0.055933535,0.052799355,Rocky Flats,39.912799,-105.188587
74,2023-05-05 17:00:00+00:00,0.051384393,0.06,0.05728551,0.048426773,0.05597512,0.058230467,0.055187162,Rocky Flats,39.912799,-105.188587
75,2023-05-05 18:00:00+00:00,0.06405401,0.065,0.053841487,0.05193046,0.05778328,0.061310653,0.057702743,Rocky Flats,39.912799,-105.188587
76,2023-05-05 19:00:00+00:00,0.066474006,0.065,0.064573884,0.0525154,0.060334653,0.062359553,0.059142984,Rocky Flats,39.912799,-105.188587
77,2023-05-05 20:00:00+00:00,0.065178834,0.065,0.06530186,0.05058887,0.060415976,0.062378027,0.06017676,Rocky Flats,39.912799,-105.188587
78,2023-05-05 21:00:00+00:00,0.06306141,0.069,0.06428359,0.05527604,0.060896743,0.06307402,0.061019003,Rocky Flats,39.912799,-105.188587
79,2023-05-05 22:00:00+00:00,0.067139834,0.07,0.060463883,0.06501677,0.06073716,0.062195964,0.05957281,Rocky Flats,39.912799,-105.188587
80,2023-05-05 23:00:00+00:00,0.06752185,0.066,0.06365606,0.06770712,0.059490323,0.06066752,0.05725399,Rocky Flats,39.912799,-105.188587
81,2023-05-06 00:00:00+00:00,0.06295577,0.064,0.06380665,0.06387707,0.058359936,0.058831856,0.05557155,Rocky Flats,39.912799,-105.188587
82,2023-05-06 01:00:00+00:00,0.06188866,0.067,0.059697468,0.06080622,0.05593613,0.05592512,0.053424966,Rocky Flats,39.912799,-105.188587
83,2023-05-06 02:00:00+00:00,0.064660884,0.065,0.060353685,0.057224482,0.05457723,0.05449565,0.0515429,Rocky Flats,39.912799,-105.188587
84,2023-05-06 03:00:00+00:00,0.06068043,0.068,0.060590122,0.055313233,0.05263446,0.052286766,0.049058784,Rocky Flats,39.912799,-105.188587
85,2023-05-06 04:00:00+00:00,0.06555175,0.067,0.058272332,0.05383861,0.0518093,0.05287314,0.04803891,Rocky Flats,39.912799,-105.188587
86,2023-05-06 05:00:00+00:00,0.06414924,0.063,0.061716422,0.05343853,0.0507892,0.05299679,0.046175342,Rocky Flats,39.912799,-105.188587
87,2023-05-06 06:00:00+00:00,0.061290484,0.054,0.060532257,0.05296484,0.05042535,0.052523848,0.04630103,Rocky Flats,39.912799,-105.188587
88,2023-05-06 07:00:00+00:00,0.051460125,0.051,0.05712096,0.053966433,0.04919762,0.04920204,0.046737824,Rocky Flats,39.912799,-105.188587
89,2023-05-06 08:00:00+00:00,0.050328422,0.059000000000000004,0.050151303,0.05505475,0.04926283,0.046936568,0.047208395,Rocky Flats,39.912799,-105.188587
90,2023-05-06 09:00:00+00:00,0.059113763,0.062000000000000006,0.049679954,0.05072946,0.048593387,0.0451976,0.04952503,Rocky Flats,39.912799,-105.188587
91,2023-05-06 10:00:00+00:00,0.06102772,0.062000000000000006,0.057729308,0.047287636,0.048118427,0.046807013,0.051058162,Rocky Flats,39.912799,-105.188587
92,2023-05-06 11:00:00+00:00,0.059668258,0.062000000000000006,0.05791091,0.045107,0.04811457,0.043458965,0.04980835,Rocky Flats,39.912799,-105.188587
93,2023-05-06 12:00:00+00:00,0.059566297,0.061,0.057113323,0.04534765,0.046002533,0.042696167,0.04668281,Rocky Flats,39.912799,-105.188587
94,2023-05-06 13:00:00+00:00,0.058381133,0.056,0.056225166,0.044820473,0.045410763,0.04287099,0.04526015,Rocky Flats,39.912799,-105.188587
95,2023-05-06 14:00:00+00:00,0.053504456,0.052,0.055777494,0.0461209,0.04734319,0.045816276,0.047304567,Rocky Flats,39.912799,-105.188587
96,2023-05-06 15:00:00+00:00,0.051964413,0.053,0.05370022,0.04941812,0.05164456,0.049641054,0.04942663,Rocky Flats,39.912799,-105.188587
97,2023-05-06 16:00:00+00:00,0.054705925,0.056,0.054043647,0.05210499,0.053568225,0.052715376,0.053097773,Rocky Flats,39.912799,-105.188587
98,2023-05-06 17:00:00+00:00,0.05780592,0.053,0.058508806,0.053549662,0.05518035,0.055165745,0.05568085,Rocky Flats,39.912799,-105.188587
99,2023-05-06 18:00:00+00:00,0.05354999,0.056999999999999995,0.058845222,0.05518959,0.0569763,0.057281565,0.057888288,Rocky Flats,39.912799,-105.188587
100,2023-05-06 19:00:00+00:00,0.059650097,0.056999999999999995,0.055275787,0.057364013,0.058465213,0.05919952,0.060075615,Rocky Flats,39.912799,-105.188587
101,2023-05-06 20:00:00+00:00,0.057777446,0.062000000000000006,0.061246045,0.059386373,0.059338275,0.06071616,0.061395753,Rocky Flats,39.912799,-105.188587
102,2023-05-06 21:00:00+00:00,0.06444393,0.065,0.05823143,0.05559103,0.059841987,0.06219216,0.0620413,Rocky Flats,39.912799,-105.188587
103,2023-05-06 22:00:00+00:00,0.0650554,0.07,0.065373994,0.058125526,0.059968945,0.06355943,0.061377868,Rocky Flats,39.912799,-105.188587
104,2023-05-06 23:00:00+00:00,0.06960115,0.073,0.06342725,0.057963178,0.059143867,0.06472768,0.060447674,Rocky Flats,39.912799,-105.188587
105,2023-05-07 00:00:00+00:00,0.070973285,0.067,0.066227205,0.06167223,0.056489207,0.06472892,0.05951944,Rocky Flats,39.912799,-105.188587
106,2023-05-07 01:00:00+00:00,0.061500542,0.069,0.06605652,0.06025347,0.055476792,0.0641598,0.057641547,Rocky Flats,39.912799,-105.188587
107,2023-05-07 02:00:00+00:00,0.06574662,0.062000000000000006,0.05907267,0.0610131,0.053614184,0.062152732,0.052486077,Rocky Flats,39.912799,-105.188587
108,2023-05-07 03:00:00+00:00,0.057926394,0.063,0.06282761,0.05964707,0.052144393,0.060904045,0.04962424,Rocky Flats,39.912799,-105.188587
109,2023-05-07 04:00:00+00:00,0.06137022,0.067,0.057184175,0.055534102,0.050606597,0.0576854,0.048874266,Rocky Flats,39.912799,-105.188587
110,2023-05-07 05:00:00+00:00,0.06596067,0.061,0.060402572,0.05523043,0.051174626,0.056978635,0.04869397,Rocky Flats,39.912799,-105.188587
111,2023-05-07 06:00:00+00:00,0.05907445,0.056999999999999995,0.06327937,0.051251378,0.05209414,0.05509424,0.048727177,Rocky Flats,39.912799,-105.188587
112,2023-05-07 07:00:00+00:00,0.05664609,0.056,0.0574683,0.050787915,0.050404474,0.05416497,0.049589016,Rocky Flats,39.912799,-105.188587
113,2023-05-07 08:00:00+00:00,0.05595799,0.061,0.055754595,0.05277701,0.051084515,0.05175336,0.05025906,Rocky Flats,39.912799,-105.188587
114,2023-05-07 09:00:00+00:00,0.060525406,0.05,0.05469859,0.050438028,0.049383637,0.051177092,0.05039877,Rocky Flats,39.912799,-105.188587
115,2023-05-07 10:00:00+00:00,0.04776162,0.053,0.0585457,0.04837018,0.049287125,0.05152843,0.048477475,Rocky Flats,39.912799,-105.188587
116,2023-05-07 11:00:00+00:00,0.05202232,0.054,0.04728243,0.046507258,0.049094994,0.042700995,0.04694639,Rocky Flats,39.912799,-105.188587
117,2023-05-07 12:00:00+00:00,0.05208981,0.052,0.050707776,0.04600395,0.048050184,0.043565135,0.045827568,Rocky Flats,39.912799,-105.188587
118,2023-05-07 13:00:00+00:00,0.049435418,0.047,0.04995953,0.04408352,0.04789672,0.043078225,0.04567062,Rocky Flats,39.912799,-105.188587
119,2023-05-07 14:00:00+00:00,0.046428796,0.047,0.049083676,0.046161804,0.04826365,0.047694154,0.046151876,Rocky Flats,39.912799,-105.188587
120,2023-05-07 15:00:00+00:00,0.048650753,0.05,0.047924172,0.050071284,0.04972275,0.053548485,0.049484704,Rocky Flats,39.912799,-105.188587
121,2023-05-07 16:00:00+00:00,0.052840155,0.05,0.051748663,0.052646387,0.05057572,0.05640008,0.051011216,Rocky Flats,39.912799,-105.188587
122,2023-05-07 17:00:00+00:00,0.052430637,0.054,0.05633806,0.05366393,0.0532799,0.059843868,0.054737292,Rocky Flats,39.912799,-105.188587
123,2023-05-07 18:00:00+00:00,0.05702096,0.05800000000000001,0.055412866,0.05435708,0.055596102,0.061859455,0.05771491,Rocky Flats,39.912799,-105.188587
124,2023-05-07 19:00:00+00:00,0.060640108,0.059000000000000004,0.05902594,0.054601833,0.057064187,0.06359995,0.059384834,Rocky Flats,39.912799,-105.188587
125,2023-05-07 20:00:00+00:00,0.058566056,0.059000000000000004,0.06192485,0.05306282,0.057792306,0.06431031,0.060019065,Rocky Flats,39.912799,-105.188587
126,2023-05-07 21:00:00+00:00,0.05924399,0.056,0.057066053,0.0533053,0.058532882,0.0641047,0.060169455,Rocky Flats,39.912799,-105.188587
127,2023-05-07 22:00:00+00:00,0.055587415,0.054,0.05631768,0.056120686,0.05927483,0.062861495,0.060124822,Rocky Flats,39.912799,-105.188587
128,2023-05-07 23:00:00+00:00,0.05271419,0.054,0.05521272,0.05461625,0.058553297,0.061365966,0.059620693,Rocky Flats,39.912799,-105.188587
129,2023-05-08 00:00:00+00:00,0.053472493,0.052,0.052243635,0.054150786,0.05660322,0.058834992,0.05925025,Rocky Flats,39.912799,-105.188587
130,2023-05-08 01:00:00+00:00,0.050481334,0.059000000000000004,0.05158929,0.04867462,0.05276136,0.055431902,0.057889592,Rocky Flats,39.912799,-105.188587
131,2023-05-08 02:00:00+00:00,0.058279727,0.052,0.04900263,0.04603012,0.046531383,0.053892013,0.05625374,Rocky Flats,39.912799,-105.188587
132,2023-05-08 03:00:00+00:00,0.04792403,0.05,0.054926746,0.043328397,0.042675674,0.050105616,0.056688774,Rocky Flats,39.912799,-105.188587
133,2023-05-08 04:00:00+00:00,0.04813854,0.047,0.047006052,0.041617047,0.04050408,0.045583703,0.05886777,Rocky Flats,39.912799,-105.188587
134,2023-05-08 05:00:00+00:00,0.045843083,0.045,0.047656428,0.04388632,0.041562896,0.040827986,0.058794964,Rocky Flats,39.912799,-105.188587
135,2023-05-08 06:00:00+00:00,0.044531908,0.045,0.04580737,0.043008536,0.04121155,0.036820687,0.057994492,Rocky Flats,39.912799,-105.188587
136,2023-05-08 07:00:00+00:00,0.044880718,0.047,0.04505324,0.042610236,0.040803794,0.0355799,0.05458106,Rocky Flats,39.912799,-105.188587
137,2023-05-08 08:00:00+00:00,0.046990704,0.046,0.045427557,0.042324528,0.042846072,0.035359655,0.044349845,Rocky Flats,39.912799,-105.188587
138,2023-05-08 09:00:00+00:00,0.045634903,0.041,0.046820387,0.04196584,0.041731246,0.037406966,0.0404615,Rocky Flats,39.912799,-105.188587
139,2023-05-08 10:00:00+00:00,0.040189434,0.042,0.044533025,0.04140275,0.04198225,0.03747136,0.03865984,Rocky Flats,39.912799,-105.188587
140,2023-05-08 11:00:00+00:00,0.041217066,0.043,0.039076004,0.0408438,0.040945087,0.03829921,0.039192356,Rocky Flats,39.912799,-105.188587
141,2023-05-08 12:00:00+00:00,0.041939877,0.042,0.040086273,0.03861883,0.038896352,0.038129453,0.038116753,Rocky Flats,39.912799,-105.188587
142,2023-05-08 13:00:00+00:00,0.040929712,0.039,0.041366257,0.035529893,0.03694493,0.03604635,0.040772058,Rocky Flats,39.912799,-105.188587
143,2023-05-08 14:00:00+00:00,0.03973822,0.041,0.042176202,0.036835443,0.037035294,0.037359603,0.043823697,Rocky Flats,39.912799,-105.188587
144,2023-05-08 15:00:00+00:00,0.04330602,0.041,0.04314986,0.04065493,0.03978175,0.041333426,0.048152238,Rocky Flats,39.912799,-105.188587
145,2023-05-08 16:00:00+00:00,0.04371428,0.047,0.048746943,0.045035593,0.044247992,0.04537457,0.048930734,Rocky Flats,39.912799,-105.188587
146,2023-05-08 17:00:00+00:00,0.05157679,0.05,0.050609168,0.049833704,0.050094508,0.04929677,0.05170816,Rocky Flats,39.912799,-105.188587
147,2023-05-08 18:00:00+00:00,0.052952033,0.052,0.05720599,0.054776885,0.055008817,0.05301968,0.052831084,Rocky Flats,39.912799,-105.188587
148,2023-05-08 19:00:00+00:00,0.054197006,0.056999999999999995,0.056875136,0.057726964,0.05832306,0.054761674,0.05384378,Rocky Flats,39.912799,-105.188587
149,2023-05-08 20:00:00+00:00,0.059651125,0.062000000000000006,0.056923326,0.05954926,0.060072333,0.056104805,0.053657264,Rocky Flats,39.912799,-105.188587
150,2023-05-08 21:00:00+00:00,0.0640224,0.059000000000000004,0.06116705,0.05921639,0.06137099,0.057859458,0.052604895,Rocky Flats,39.912799,-105.188587
151,2023-05-08 22:00:00+00:00,0.05809752,0.061,0.0643063,0.060383327,0.061283436,0.0582835,0.050635282,Rocky Flats,39.912799,-105.188587
152,2023-05-08 23:00:00+00:00,0.061287954,0.064,0.057840463,0.06097911,0.06090093,0.058822136,0.0488205,Rocky Flats,39.912799,-105.188587
153,2023-05-09 00:00:00+00:00,0.061662514,0.068,0.06042854,0.061713897,0.059117362,0.057471406,0.047510363,Rocky Flats,39.912799,-105.188587
154,2023-05-09 01:00:00+00:00,0.06452879,0.063,0.05837748,0.056388903,0.056551497,0.05561813,0.04651106,Rocky Flats,39.912799,-105.188587
155,2023-05-09 02:00:00+00:00,0.0584257,0.056999999999999995,0.060496993,0.0538903,0.054834872,0.052506752,0.04797877,Rocky Flats,39.912799,-105.188587
156,2023-05-09 03:00:00+00:00,0.053396918,0.05800000000000001,0.056414843,0.05086122,0.0533574,0.05191843,0.050099935,Rocky Flats,39.912799,-105.188587
157,2023-05-09 04:00:00+00:00,0.056225948,0.05,0.053267837,0.049326856,0.051689383,0.05082255,0.05020603,Rocky Flats,39.912799,-105.188587
158,2023-05-09 05:00:00+00:00,0.04802748,0.052,0.05458993,0.048053347,0.051334113,0.051829237,0.04944764,Rocky Flats,39.912799,-105.188587
159,2023-05-09 06:00:00+00:00,0.051348668,0.048,0.04841773,0.046977684,0.050938606,0.051647756,0.04903417,Rocky Flats,39.912799,-105.188587
160,2023-05-09 07:00:00+00:00,0.047336772,0.046,0.049823992,0.04739964,0.051839825,0.05146407,0.04822433,Rocky Flats,39.912799,-105.188587
161,2023-05-09 08:00:00+00:00,0.045583453,0.048,0.046674736,0.046423294,0.050451998,0.04869787,0.04705362,Rocky Flats,39.912799,-105.188587
162,2023-05-09 09:00:00+00:00,0.047444534,0.047,0.045013487,0.046409056,0.048723217,0.048035998,0.044630606,Rocky Flats,39.912799,-105.188587
163,2023-05-09 10:00:00+00:00,0.045630533,0.047,0.046464715,0.04594853,0.047420904,0.04444479,0.040213257,Rocky Flats,39.912799,-105.188587
164,2023-05-09 11:00:00+00:00,0.045084126,0.041,0.044244606,0.044047944,0.044906385,0.04254687,0.040402744,Rocky Flats,39.912799,-105.188587
165,2023-05-09 12:00:00+00:00,0.038853228,0.04,0.04338899,0.042189762,0.041729543,0.04138788,0.039160255,Rocky Flats,39.912799,-105.188587
166,2023-05-09 13:00:00+00:00,0.039440528,0.038,0.037651315,0.03991252,0.039220978,0.0418966,0.03597842,Rocky Flats,39.912799,-105.188587
167,2023-05-09 14:00:00+00:00,0.039380927,0.038,0.040259145,0.04024793,0.03859045,0.044450585,0.035624325,Rocky Flats,39.912799,-105.188587
168,2023-05-09 15:00:00+00:00,0.041011494,0.042,0.043038145,0.041662913,0.041606918,0.047451414,0.040631108,Rocky Flats,39.912799,-105.188587
169,2023-05-09 16:00:00+00:00,0.046019375,0.045,0.04758948,0.044687863,0.04608735,0.050375186,0.04826038,Rocky Flats,39.912799,-105.188587
170,2023-05-09 17:00:00+00:00,0.048969377,0.046,0.05320526,0.048395332,0.050667096,0.05189639,0.051403206,Rocky Flats,39.912799,-105.188587
171,2023-05-09 18:00:00+00:00,0.04856403,0.051,0.055257894,0.052003782,0.053898063,0.05247629,0.053217262,Rocky Flats,39.912799,-105.188587
172,2023-05-09 19:00:00+00:00,0.054828033,0.055,0.054220743,0.057072423,0.056884155,0.052788787,0.054345444,Rocky Flats,39.912799,-105.188587
173,2023-05-09 20:00:00+00:00,0.057271272,0.062000000000000006,0.058949854,0.061589744,0.058670156,0.05358981,0.054719847,Rocky Flats,39.912799,-105.188587
174,2023-05-09 21:00:00+00:00,0.06508093,0.07,0.059887234,0.064405896,0.059709087,0.054538414,0.055095144,Rocky Flats,39.912799,-105.188587
175,2023-05-09 22:00:00+00:00,0.07149125,0.073,0.065549396,0.06866442,0.0611237,0.055602476,0.05415406,Rocky Flats,39.912799,-105.188587
176,2023-05-09 23:00:00+00:00,0.07053396,0.074,0.06847331,0.07082498,0.061181027,0.056223698,0.053264573,Rocky Flats,39.912799,-105.188587
177,2023-05-10 00:00:00+00:00,0.07049166,0.074,0.06531599,0.07152371,0.06016861,0.056322668,0.05145077,Rocky Flats,39.912799,-105.188587
178,2023-05-10 01:00:00+00:00,0.06815069,0.073,0.06495853,0.06714341,0.058636338,0.055434335,0.049668983,Rocky Flats,39.912799,-105.188587
179,2023-05-10 02:00:00+00:00,0.06807024,0.068,0.06349803,0.05933072,0.05555123,0.054096475,0.04857473,Rocky Flats,39.912799,-105.188587
180,2023-05-10 03:00:00+00:00,0.062160097,0.061,0.06316013,0.05562441,0.052655563,0.052709892,0.04956107,Rocky Flats,39.912799,-105.188587
181,2023-05-10 04:00:00+00:00,0.056804106,0.056,0.058566816,0.052945647,0.050545882,0.052302748,0.049984816,Rocky Flats,39.912799,-105.188587
182,2023-05-10 05:00:00+00:00,0.05327259,0.061,0.054334745,0.050518997,0.049502485,0.051557854,0.048792653,Rocky Flats,39.912799,-105.188587
183,2023-05-10 06:00:00+00:00,0.059822373,0.052,0.051553153,0.049710564,0.050083287,0.049867664,0.045085397,Rocky Flats,39.912799,-105.188587
184,2023-05-10 07:00:00+00:00,0.049690273,0.056,0.05705679,0.048850846,0.05035987,0.048353925,0.04296272,Rocky Flats,39.912799,-105.188587
185,2023-05-10 08:00:00+00:00,0.05537728,0.06,0.047149535,0.047921374,0.049943488,0.046060167,0.04037748,Rocky Flats,39.912799,-105.188587
186,2023-05-10 09:00:00+00:00,0.05967867,0.056999999999999995,0.05338361,0.048560783,0.0482548,0.043832798,0.03898969,Rocky Flats,39.912799,-105.188587
187,2023-05-10 10:00:00+00:00,0.05384732,0.05,0.056520294,0.04501276,0.046050895,0.0443239,0.037257902,Rocky Flats,39.912799,-105.188587
188,2023-05-10 11:00:00+00:00,0.046137884,0.053,0.05075301,0.043861695,0.043435827,0.041734338,0.036395855,Rocky Flats,39.912799,-105.188587
189,2023-05-10 12:00:00+00:00,0.05149725,0.043,0.04329304,0.042866495,0.04086812,0.038683537,0.034019273,Rocky Flats,39.912799,-105.188587
190,2023-05-10 13:00:00+00:00,0.040211294,0.042,0.050392035,0.04164667,0.03574226,0.039003007,0.032801196,Rocky Flats,39.912799,-105.188587
191,2023-05-10 14:00:00+00:00,0.04173796,0.043,0.042629555,0.041056816,0.03590278,0.04081859,0.03674223,Rocky Flats,39.912799,-105.188587
192,2023-05-10 15:00:00+00:00,0.043248776,0.044,0.046921566,0.0439986,0.04107478,0.046338815,0.04274002,Rocky Flats,39.912799,-105.188587
193,2023-05-10 16:00:00+00:00,0.043972023,0.051,0.048003465,0.04515165,0.0482914,0.0506723,0.047820114,Rocky Flats,39.912799,-105.188587
194,2023-05-10 17:00:00+00:00,0.0520652,0.047,0.048266448,0.048566435,0.05330517,0.05196601,0.050134238,Rocky Flats,39.912799,-105.188587
195,2023-05-10 18:00:00+00:00,0.045876343,0.043,0.054558832,0.051211722,0.057525355,0.05474614,0.051802535,Rocky Flats,39.912799,-105.188587
196,2023-05-10 19:00:00+00:00,0.04234863,0.045,0.046793777,0.05324167,0.05887446,0.055577148,0.05322521,Rocky Flats,39.912799,-105.188587
197,2023-05-10 20:00:00+00:00,0.045694076,0.046,0.04455454,0.053028636,0.061737157,0.054903362,0.054253835,Rocky Flats,39.912799,-105.188587
198,2023-05-10 21:00:00+00:00,0.04603072,0.049,0.04619926,0.051134862,0.061181977,0.05369058,0.055350795,Rocky Flats,39.912799,-105.188587
199,2023-05-10 22:00:00+00:00,0.048894715,0.049,0.045183387,0.04903629,0.059094124,0.053032044,0.0548298,Rocky Flats,39.912799,-105.188587
200,2023-05-10 23:00:00+00:00,0.04823484,0.049,0.047295455,0.04796846,0.05443706,0.05216813,0.055209376,Rocky Flats,39.912799,-105.188587
201,2023-05-11 00:00:00+00:00,0.048021104,0.047,0.04563821,0.046903953,0.04806004,0.051597133,0.05291784,Rocky Flats,39.912799,-105.188587
202,2023-05-11 01:00:00+00:00,0.045400094,0.04,0.045036845,0.04556546,0.041733872,0.049963262,0.051368877,Rocky Flats,39.912799,-105.188587
203,2023-05-11 02:00:00+00:00,0.03797499,0.042,0.04227973,0.043647416,0.036483403,0.047436822,0.050197706,Rocky Flats,39.912799,-105.188587
204,2023-05-11 03:00:00+00:00,0.04111554,0.062000000000000006,0.03640988,0.041085843,0.033887587,0.04547325,0.050335545,Rocky Flats,39.912799,-105.188587
205,2023-05-11 04:00:00+00:00,0.06516022,0.052,0.039053246,0.03829095,0.033462394,0.04298421,0.049132086,Rocky Flats,39.912799,-105.188587
206,2023-05-11 05:00:00+00:00,0.04732633,0.053,0.05793527,0.036258843,0.033337843,0.042710133,0.048153687,Rocky Flats,39.912799,-105.188587
207,2023-05-11 06:00:00+00:00,0.052159145,0.052,0.04030369,0.03579688,0.03300384,0.041395597,0.044462252,Rocky Flats,39.912799,-105.188587
208,2023-05-11 07:00:00+00:00,0.050427716,0.052,0.047323626,0.04151373,0.030649537,0.03919927,0.041217826,Rocky Flats,39.912799,-105.188587
209,2023-05-11 08:00:00+00:00,0.050499357,0.05800000000000001,0.045118965,0.039367236,0.028157918,0.03743603,0.038007647,Rocky Flats,39.912799,-105.188587
210,2023-05-11 09:00:00+00:00,0.057465296,0.049,0.046118572,0.04153379,0.029985754,0.03536003,0.037492007,Rocky Flats,39.912799,-105.188587
211,2023-05-11 10:00:00+00:00,0.045890454,0.056999999999999995,0.052468754,0.04120638,0.03507397,0.033856124,0.033994365,Rocky Flats,39.912799,-105.188587
212,2023-05-11 11:00:00+00:00,0.05612014,0.056999999999999995,0.041032836,0.042289976,0.03580015,0.03049745,0.032483567,Rocky Flats,39.912799,-105.188587
213,2023-05-11 12:00:00+00:00,0.054673385,0.049,0.052284587,0.047183573,0.039261,0.027526846,0.030601727,Rocky Flats,39.912799,-105.188587
214,2023-05-11 13:00:00+00:00,0.045370262,0.051,0.049327258,0.04256388,0.04071305,0.028499259,0.030205589,Rocky Flats,39.912799,-105.188587
215,2023-05-11 14:00:00+00:00,0.04981326,0.052,0.04325119,0.04907833,0.04253143,0.031718615,0.033275742,Rocky Flats,39.912799,-105.188587
216,2023-05-11 15:00:00+00:00,0.051109258,0.051,0.048471447,0.050661065,0.042886887,0.03421278,0.036946774,Rocky Flats,39.912799,-105.188587
217,2023-05-11 16:00:00+00:00,0.04977687,0.037,0.049646933,0.049617577,0.043367743,0.036697745,0.040889688,Rocky Flats,39.912799,-105.188587
218,2023-05-11 17:00:00+00:00,0.035596367,0.055,0.049629483,0.05108476,0.047025762,0.040120453,0.043556374,Rocky Flats,39.912799,-105.188587
219,2023-05-11 18:00:00+00:00,0.057729106,0.05800000000000001,0.03693259,0.050769836,0.04979921,0.045323532,0.04590915,Rocky Flats,39.912799,-105.188587
220,2023-05-11 19:00:00+00:00,0.05738056,0.059000000000000004,0.058543872,0.047844093,0.051122118,0.048598457,0.049336076,Rocky Flats,39.912799,-105.188587
221,2023-05-11 20:00:00+00:00,0.057472426,0.05800000000000001,0.05254966,0.04107376,0.05327129,0.051920842,0.052370902,Rocky Flats,39.912799,-105.188587
222,2023-05-11 21:00:00+00:00,0.05621297,0.059000000000000004,0.054050803,0.044042673,0.053903837,0.052833434,0.052301053,Rocky Flats,39.912799,-105.188587
223,2023-05-11 22:00:00+00:00,0.0574388,0.061,0.05238961,0.0480804,0.05236661,0.052984845,0.052633367,Rocky Flats,39.912799,-105.188587
224,2023-05-11 23:00:00+00:00,0.058923453,0.065,0.05318243,0.053074725,0.046978544,0.051465478,0.052376468,Rocky Flats,39.912799,-105.188587
225,2023-05-12 00:00:00+00:00,0.063124344,0.06,0.053760443,0.0534118,0.04596101,0.050576385,0.050806295,Rocky Flats,39.912799,-105.188587
226,2023-05-12 01:00:00+00:00,0.055705644,0.05800000000000001,0.05580389,0.051667094,0.04397382,0.04846461,0.04774927,Rocky Flats,39.912799,-105.188587
227,2023-05-12 02:00:00+00:00,0.055504404,0.064,0.05053053,0.049950782,0.042801697,0.045537375,0.04560364,Rocky Flats,39.912799,-105.188587
228,2023-05-12 03:00:00+00:00,0.063145384,0.05800000000000001,0.050355732,0.04706636,0.041089375,0.040594388,0.042636774,Rocky Flats,39.912799,-105.188587
229,2023-05-12 04:00:00+00:00,0.05374245,0.056999999999999995,0.05644098,0.042968012,0.039486486,0.039505776,0.039544716,Rocky Flats,39.912799,-105.188587
230,2023-05-12 05:00:00+00:00,0.055071376,0.052,0.04806833,0.042869728,0.038910046,0.037973102,0.037823137,Rocky Flats,39.912799,-105.188587
231,2023-05-12 06:00:00+00:00,0.049398337,0.052,0.050438333,0.049573634,0.03952148,0.037038937,0.036887683,Rocky Flats,39.912799,-105.188587
232,2023-05-12 07:00:00+00:00,0.05066765,0.055,0.045509454,0.051642444,0.039919816,0.037261683,0.03436076,Rocky Flats,39.912799,-105.188587
233,2023-05-12 08:00:00+00:00,0.054096546,0.056,0.047900975,0.0526112,0.039910816,0.037277296,0.032063004,Rocky Flats,39.912799,-105.188587
234,2023-05-12 09:00:00+00:00,0.054500632,0.05800000000000001,0.05156599,0.049965423,0.04168375,0.038078003,0.032392018,Rocky Flats,39.912799,-105.188587
235,2023-05-12 10:00:00+00:00,0.056430534,0.05,0.051521376,0.04948445,0.04115589,0.03802084,0.03018894,Rocky Flats,39.912799,-105.188587
236,2023-05-12 11:00:00+00:00,0.046329334,0.05,0.0528729,0.052081477,0.041463476,0.0366213,0.031826477,Rocky Flats,39.912799,-105.188587
237,2023-05-12 12:00:00+00:00,0.048278783,0.048,0.04277989,0.05270449,0.04071233,0.0356486,0.03221551,Rocky Flats,39.912799,-105.188587
238,2023-05-12 13:00:00+00:00,0.04593006,0.048,0.04529188,0.053066816,0.04044166,0.03706664,0.03226225,Rocky Flats,39.912799,-105.188587
239,2023-05-12 14:00:00+00:00,0.046164945,0.045,0.043895442,0.045801118,0.04130964,0.038028136,0.034178745,Rocky Flats,39.912799,-105.188587
240,2023-05-12 15:00:00+00:00,0.043374684,0.05,0.045413647,0.04665035,0.042489853,0.039573856,0.037338097,Rocky Flats,39.912799,-105.188587
241,2023-05-12 16:00:00+00:00,0.05014958,0.049,0.043348357,0.049751442,0.04475087,0.04133368,0.04080928,Rocky Flats,39.912799,-105.188587
242,2023-05-12 17:00:00+00:00,0.048371945,0.049,0.048671007,0.051225144,0.04557299,0.044418488,0.04328119,Rocky Flats,39.912799,-105.188587
243,2023-05-12 18:00:00+00:00,0.049194552,0.051,0.04705031,0.04991937,0.04776717,0.04860973,0.046296705,Rocky Flats,39.912799,-105.188587
244,2023-05-12 19:00:00+00:00,0.05187662,0.051,0.047938257,0.04901171,0.04874406,0.050697554,0.046863973,Rocky Flats,39.912799,-105.188587
245,2023-05-12 20:00:00+00:00,0.05019178,0.051,0.04967906,0.0437689,0.049074955,0.051347487,0.047293615,Rocky Flats,39.912799,-105.188587
246,2023-05-12 21:00:00+00:00,0.05032952,0.054,0.04760518,0.04333475,0.047581352,0.051004287,0.047671773,Rocky Flats,39.912799,-105.188587
247,2023-05-12 22:00:00+00:00,0.05375347,0.054,0.047954436,0.046743568,0.046834458,0.049586214,0.04717318,Rocky Flats,39.912799,-105.188587
248,2023-05-12 23:00:00+00:00,0.052754138,0.052,0.050973285,0.04705066,0.044302814,0.048087474,0.045968026,Rocky Flats,39.912799,-105.188587
249,2023-05-13 00:00:00+00:00,0.050920215,0.052,0.049608395,0.044176027,0.042688403,0.046800416,0.048376556,Rocky Flats,39.912799,-105.188587
250,2023-05-13 01:00:00+00:00,0.050927304,0.05,0.047389545,0.04451816,0.041219298,0.043993387,0.04942834,Rocky Flats,39.912799,-105.188587
251,2023-05-13 02:00:00+00:00,0.048091616,0.05,0.047681578,0.044764236,0.04034268,0.041934893,0.045628097,Rocky Flats,39.912799,-105.188587
252,2023-05-13 03:00:00+00:00,0.04795031,0.051,0.044840913,0.04346587,0.039264783,0.03848499,0.041379374,Rocky Flats,39.912799,-105.188587
253,2023-05-13 04:00:00+00:00,0.04899315,0.05,0.04514764,0.041182555,0.040094305,0.03661369,0.037913207,Rocky Flats,39.912799,-105.188587
254,2023-05-13 05:00:00+00:00,0.04863299,0.048,0.04585354,0.039677452,0.039995685,0.034932513,0.035306804,Rocky Flats,39.912799,-105.188587
255,2023-05-13 06:00:00+00:00,0.046352636,0.042,0.04576725,0.039210614,0.039330106,0.033505026,0.032998886,Rocky Flats,39.912799,-105.188587
256,2023-05-13 07:00:00+00:00,0.04059591,0.035,0.044069324,0.039034378,0.036687914,0.033426866,0.032144148,Rocky Flats,39.912799,-105.188587
257,2023-05-13 08:00:00+00:00,0.034678504,0.03,0.039751723,0.04069671,0.036092542,0.033906832,0.030160164,Rocky Flats,39.912799,-105.188587
258,2023-05-13 09:00:00+00:00,0.030394742,0.032,0.034536093,0.040162854,0.036504522,0.034689333,0.02942,Rocky Flats,39.912799,-105.188587
259,2023-05-13 10:00:00+00:00,0.031939585,0.034,0.031351496,0.037157882,0.03894266,0.03375683,0.029366333,Rocky Flats,39.912799,-105.188587
260,2023-05-13 11:00:00+00:00,0.033475447,0.033,0.03217636,0.03178605,0.04055232,0.031793024,0.030700563,Rocky Flats,39.912799,-105.188587
261,2023-05-13 12:00:00+00:00,0.03231252,0.031000000000000003,0.03350952,0.027400538,0.0396708,0.029832507,0.030209385,Rocky Flats,39.912799,-105.188587
262,2023-05-13 13:00:00+00:00,0.03091163,0.031000000000000003,0.03344066,0.026967047,0.03867217,0.029214729,0.03025518,Rocky Flats,39.912799,-105.188587
263,2023-05-13 14:00:00+00:00,0.03270999,0.044,0.03398187,0.030117383,0.03429959,0.03050273,0.029159026,Rocky Flats,39.912799,-105.188587
264,2023-05-13 15:00:00+00:00,0.047280904,0.049,0.037094913,0.034586836,0.03463704,0.03341778,0.031174242,Rocky Flats,39.912799,-105.188587
265,2023-05-13 16:00:00+00:00,0.051378243,0.052,0.050934844,0.040318582,0.038746662,0.037265737,0.032089207,Rocky Flats,39.912799,-105.188587
266,2023-05-13 17:00:00+00:00,0.054850917,0.052,0.054372866,0.047324236,0.04447919,0.042336766,0.031998526,Rocky Flats,39.912799,-105.188587
267,2023-05-13 18:00:00+00:00,0.053527914,0.053,0.05721485,0.05328945,0.04745423,0.045036465,0.032165572,Rocky Flats,39.912799,-105.188587
268,2023-05-13 19:00:00+00:00,0.05455414,0.054,0.05517553,0.054214768,0.049395062,0.046928253,0.034635574,Rocky Flats,39.912799,-105.188587
269,2023-05-13 20:00:00+00:00,0.053982124,0.056,0.055886906,0.054382224,0.050805017,0.048202146,0.03615424,Rocky Flats,39.912799,-105.188587
270,2023-05-13 21:00:00+00:00,0.056022044,0.054,0.053266924,0.05238538,0.053577982,0.050772104,0.039826706,Rocky Flats,39.912799,-105.188587
271,2023-05-13 22:00:00+00:00,0.053063683,0.051,0.05398298,0.05074053,0.054867364,0.051935695,0.042021945,Rocky Flats,39.912799,-105.188587
272,2023-05-13 23:00:00+00:00,0.049671095,0.048,0.05218974,0.04971274,0.055946678,0.054108877,0.042229123,Rocky Flats,39.912799,-105.188587
273,2023-05-14 00:00:00+00:00,0.0467899,0.045,0.049448274,0.049232844,0.054213025,0.055318933,0.041145798,Rocky Flats,39.912799,-105.188587
274,2023-05-14 01:00:00+00:00,0.043633938,0.045,0.046323616,0.047103558,0.051638134,0.055646565,0.04171617,Rocky Flats,39.912799,-105.188587
275,2023-05-14 02:00:00+00:00,0.04397851,0.044,0.043436337,0.04403137,0.04777851,0.05491869,0.046463344,Rocky Flats,39.912799,-105.188587
276,2023-05-14 03:00:00+00:00,0.042804893,0.046,0.043345623,0.04055885,0.045012023,0.054147474,0.051692028,Rocky Flats,39.912799,-105.188587
277,2023-05-14 04:00:00+00:00,0.044653162,0.04,0.041606903,0.039073363,0.042129878,0.052161597,0.051667564,Rocky Flats,39.912799,-105.188587
278,2023-05-14 05:00:00+00:00,0.03810744,0.035,0.042911027,0.03850152,0.041031256,0.04978752,0.049925942,Rocky Flats,39.912799,-105.188587
279,2023-05-14 06:00:00+00:00,0.033930466,0.035,0.03727548,0.038788814,0.041414272,0.045425024,0.04903269,Rocky Flats,39.912799,-105.188587
280,2023-05-14 07:00:00+00:00,0.034735516,0.034,0.034315553,0.040086694,0.040900104,0.043929067,0.04583648,Rocky Flats,39.912799,-105.188587
281,2023-05-14 08:00:00+00:00,0.03303028,0.035,0.03472014,0.040601794,0.040079832,0.040428642,0.042249024,Rocky Flats,39.912799,-105.188587
282,2023-05-14 09:00:00+00:00,0.034459468,0.033,0.032689214,0.038886227,0.039286193,0.036777925,0.03997831,Rocky Flats,39.912799,-105.188587
283,2023-05-14 10:00:00+00:00,0.03200333,0.031000000000000003,0.03360172,0.03727752,0.03750485,0.035125963,0.039490055,Rocky Flats,39.912799,-105.188587
284,2023-05-14 11:00:00+00:00,0.030147973,0.03,0.0315047,0.03384715,0.035167176,0.03293155,0.037167124,Rocky Flats,39.912799,-105.188587
285,2023-05-14 12:00:00+00:00,0.029363884,0.029000000000000005,0.030555928,0.031048963,0.031997964,0.030731458,0.0358361,Rocky Flats,39.912799,-105.188587
286,2023-05-14 13:00:00+00:00,0.02889631,0.027,0.030981177,0.028190613,0.028791428,0.029285157,0.033874474,Rocky Flats,39.912799,-105.188587
287,2023-05-14 14:00:00+00:00,0.027656175,0.027,0.032575358,0.025766233,0.02469617,0.0307935,0.030281862,Rocky Flats,39.912799,-105.188587
288,2023-05-14 15:00:00+00:00,0.028398378,0.026,0.031930152,0.024876425,0.022767158,0.02987786,0.03323953,Rocky Flats,39.912799,-105.188587
289,2023-05-14 16:00:00+00:00,0.027838595,0.025,0.032811895,0.025737606,0.022004848,0.028968018,0.03657094,Rocky Flats,39.912799,-105.188587
290,2023-05-14 17:00:00+00:00,0.02765859,0.026,0.031395577,0.026632126,0.022504471,0.030664818,0.038747035,Rocky Flats,39.912799,-105.188587
291,2023-05-14 18:00:00+00:00,0.02840555,0.029000000000000005,0.031819236,0.027751995,0.023976674,0.034350935,0.037039813,Rocky Flats,39.912799,-105.188587
292,2023-05-14 19:00:00+00:00,0.031047994,0.029000000000000005,0.030819438,0.028642742,0.026362028,0.03632244,0.0375697,Rocky Flats,39.912799,-105.188587
293,2023-05-14 20:00:00+00:00,0.030551407,0.036,0.033442814,0.030003224,0.028440552,0.03837531,0.037485696,Rocky Flats,39.912799,-105.188587
294,2023-05-14 21:00:00+00:00,0.038378224,0.044,0.032367785,0.031077579,0.030855501,0.04005402,0.038016565,Rocky Flats,39.912799,-105.188587
295,2023-05-14 22:00:00+00:00,0.045944296,0.046,0.038920306,0.03394128,0.03280313,0.041705016,0.038257692,Rocky Flats,39.912799,-105.188587
296,2023-05-14 23:00:00+00:00,0.04564199,0.048,0.04519658,0.034933783,0.034066956,0.04278521,0.03951132,Rocky Flats,39.912799,-105.188587
297,2023-05-15 00:00:00+00:00,0.048222218,0.044,0.04477863,0.036814936,0.03402454,0.042672824,0.03967435,Rocky Flats,39.912799,-105.188587
298,2023-05-15 01:00:00+00:00,0.04210746,0.039,0.04671364,0.03909205,0.03553412,0.042163488,0.03991795,Rocky Flats,39.912799,-105.188587
299,2023-05-15 02:00:00+00:00,0.037749056,0.04,0.041039377,0.040458918,0.035707045,0.03966014,0.039453413,Rocky Flats,39.912799,-105.188587
300,2023-05-15 03:00:00+00:00,0.039587308,0.042,0.037275802,0.03990155,0.03697068,0.036061496,0.03889925,Rocky Flats,39.912799,-105.188587
301,2023-05-15 04:00:00+00:00,0.041980166,0.041,0.03881418,0.038735006,0.03920567,0.030762494,0.038247406,Rocky Flats,39.912799,-105.188587
302,2023-05-15 05:00:00+00:00,0.039556127,0.039,0.04079403,0.036728743,0.040968165,0.027546924,0.037142467,Rocky Flats,39.912799,-105.188587
303,2023-05-15 06:00:00+00:00,0.03789271,0.039,0.037930965,0.035593845,0.04095525,0.026351465,0.0360161,Rocky Flats,39.912799,-105.188587
304,2023-05-15 07:00:00+00:00,0.038582712,0.039,0.036713813,0.035296526,0.037862565,0.02653764,0.03419692,Rocky Flats,39.912799,-105.188587
305,2023-05-15 08:00:00+00:00,0.038223915,0.047,0.037790887,0.033581108,0.034623656,0.027152061,0.031059718,Rocky Flats,39.912799,-105.188587
306,2023-05-15 09:00:00+00:00,0.04724574,0.049,0.037006132,0.032166164,0.032702465,0.027991295,0.02809274,Rocky Flats,39.912799,-105.188587
307,2023-05-15 10:00:00+00:00,0.047682352,0.048,0.04457476,0.03202,0.030847196,0.02933726,0.026943471,Rocky Flats,39.912799,-105.188587
308,2023-05-15 11:00:00+00:00,0.045696415,0.046,0.04476059,0.030715447,0.02802139,0.028607756,0.026032934,Rocky Flats,39.912799,-105.188587
309,2023-05-15 12:00:00+00:00,0.043614008,0.044,0.043867726,0.03505537,0.026597535,0.027981028,0.027402498,Rocky Flats,39.912799,-105.188587
310,2023-05-15 13:00:00+00:00,0.041818157,0.043,0.042397656,0.03827446,0.026872236,0.029571699,0.030256782,Rocky Flats,39.912799,-105.188587
311,2023-05-15 14:00:00+00:00,0.041684765,0.042,0.041398115,0.040019315,0.028252548,0.031250667,0.03397451,Rocky Flats,39.912799,-105.188587
312,2023-05-15 15:00:00+00:00,0.04065129,0.042,0.041764908,0.042310294,0.032218024,0.032666437,0.037969552,Rocky Flats,39.912799,-105.188587
313,2023-05-15 16:00:00+00:00,0.041234624,0.043,0.04100042,0.046345428,0.035798784,0.033084832,0.038428843,Rocky Flats,39.912799,-105.188587
314,2023-05-15 17:00:00+00:00,0.04294441,0.044,0.041760426,0.04963541,0.038095463,0.034356534,0.036875434,Rocky Flats,39.912799,-105.188587
315,2023-05-15 18:00:00+00:00,0.045013495,0.048,0.042870976,0.04983454,0.039778814,0.03636531,0.03633873,Rocky Flats,39.912799,-105.188587
316,2023-05-15 19:00:00+00:00,0.050204955,0.05,0.044090793,0.04827452,0.041504048,0.038117938,0.03416845,Rocky Flats,39.912799,-105.188587
317,2023-05-15 20:00:00+00:00,0.049617536,0.05,0.049458187,0.04638916,0.04379148,0.038962726,0.03509152,Rocky Flats,39.912799,-105.188587
318,2023-05-15 21:00:00+00:00,0.04888359,0.05,0.046911303,0.04362013,0.045440946,0.03913023,0.035753146,Rocky Flats,39.912799,-105.188587
319,2023-05-15 22:00:00+00:00,0.048858836,0.053,0.04560087,0.04247882,0.04669635,0.03914624,0.036949005,Rocky Flats,39.912799,-105.188587
320,2023-05-15 23:00:00+00:00,0.052595075,0.053,0.046345484,0.04147125,0.046977427,0.039140012,0.038019832,Rocky Flats,39.912799,-105.188587
321,2023-05-16 00:00:00+00:00,0.051168602,0.05,0.04927362,0.039506197,0.046990715,0.038681213,0.03964548,Rocky Flats,39.912799,-105.188587
322,2023-05-16 01:00:00+00:00,0.047021806,0.046,0.048344664,0.03850443,0.047013227,0.03773627,0.040015813,Rocky Flats,39.912799,-105.188587
323,2023-05-16 02:00:00+00:00,0.043376837,0.041,0.043875843,0.03875779,0.04579167,0.036789108,0.039772276,Rocky Flats,39.912799,-105.188587
324,2023-05-16 03:00:00+00:00,0.03810698,0.031000000000000003,0.04075873,0.038973175,0.044309165,0.036547635,0.038933802,Rocky Flats,39.912799,-105.188587
325,2023-05-16 04:00:00+00:00,0.028754799,0.032,0.03672197,0.037737805,0.043484446,0.03592802,0.037709426,Rocky Flats,39.912799,-105.188587
326,2023-05-16 05:00:00+00:00,0.031431757,0.036,0.029547136,0.035179082,0.04166945,0.03563631,0.036053866,Rocky Flats,39.912799,-105.188587
327,2023-05-16 06:00:00+00:00,0.03579804,0.044,0.031933114,0.033007927,0.039806835,0.034038015,0.034097224,Rocky Flats,39.912799,-105.188587
328,2023-05-16 07:00:00+00:00,0.04426676,0.043,0.035450097,0.028431904,0.0359478,0.033165827,0.032347772,Rocky Flats,39.912799,-105.188587
329,2023-05-16 08:00:00+00:00,0.042192385,0.032,0.04286134,0.028328476,0.03529414,0.03262042,0.030660946,Rocky Flats,39.912799,-105.188587
330,2023-05-16 09:00:00+00:00,0.031663377,0.039,0.040323142,0.029697897,0.034673024,0.032719556,0.02957306,Rocky Flats,39.912799,-105.188587
331,2023-05-16 10:00:00+00:00,0.038573902,0.047,0.030984832,0.03424272,0.03168524,0.031963043,0.029734407,Rocky Flats,39.912799,-105.188587
332,2023-05-16 11:00:00+00:00,0.046235792,0.052,0.037215717,0.033813886,0.030923882,0.032004084,0.029366013,Rocky Flats,39.912799,-105.188587
333,2023-05-16 12:00:00+00:00,0.050420113,0.053,0.04458772,0.028321523,0.030210162,0.030747628,0.029430754,Rocky Flats,39.912799,-105.188587
334,2023-05-16 13:00:00+00:00,0.05080329,0.048,0.04831528,0.03120943,0.03214226,0.0315058,0.029919565,Rocky Flats,39.912799,-105.188587
335,2023-05-16 14:00:00+00:00,0.046623964,0.046,0.049022548,0.03886608,0.03464177,0.033327132,0.031386986,Rocky Flats,39.912799,-105.188587
336,2023-05-16 15:00:00+00:00,0.046823226,0.046,0.047633767,0.044520024,0.03761819,0.03766521,0.03482031,Rocky Flats,39.912799,-105.188587
337,2023-05-16 16:00:00+00:00,0.047786113,0.056,0.05022456,0.048375387,0.04226838,0.04211611,0.037971877,Rocky Flats,39.912799,-105.188587
338,2023-05-16 17:00:00+00:00,0.060295787,0.062000000000000006,0.051442906,0.05187062,0.04823692,0.04599953,0.04050146,Rocky Flats,39.912799,-105.188587
339,2023-05-16 18:00:00+00:00,0.06480273,0.063,0.06405561,0.054789387,0.05156246,0.04812622,0.045320917,Rocky Flats,39.912799,-105.188587
340,2023-05-16 19:00:00+00:00,0.06323119,0.062000000000000006,0.06473628,0.05491136,0.053386837,0.050279852,0.05009556,Rocky Flats,39.912799,-105.188587
341,2023-05-16 20:00:00+00:00,0.061591346,0.062000000000000006,0.06268691,0.058968507,0.05419722,0.05300263,0.05371051,Rocky Flats,39.912799,-105.188587
342,2023-05-16 21:00:00+00:00,0.0618494,0.064,0.061481435,0.061993264,0.054686848,0.056885283,0.056082614,Rocky Flats,39.912799,-105.188587
343,2023-05-16 22:00:00+00:00,0.06414654,0.066,0.06173211,0.060941603,0.054123335,0.059342735,0.05728889,Rocky Flats,39.912799,-105.188587
344,2023-05-16 23:00:00+00:00,0.064764045,0.068,0.06338518,0.059167884,0.056038387,0.060932256,0.05710265,Rocky Flats,39.912799,-105.188587
345,2023-05-17 00:00:00+00:00,0.06530386,0.064,0.061553545,0.056680225,0.056014366,0.059891187,0.056175552,Rocky Flats,39.912799,-105.188587
346,2023-05-17 01:00:00+00:00,0.05869477,0.062000000000000006,0.059946835,0.05344947,0.054802235,0.05761311,0.054567628,Rocky Flats,39.912799,-105.188587
347,2023-05-17 02:00:00+00:00,0.05869391,0.056999999999999995,0.055513147,0.049977098,0.05424603,0.054286312,0.05232676,Rocky Flats,39.912799,-105.188587
348,2023-05-17 03:00:00+00:00,0.053812567,0.052,0.05634591,0.04825355,0.053110328,0.05368641,0.04917713,Rocky Flats,39.912799,-105.188587
349,2023-05-17 04:00:00+00:00,0.049816374,0.052,0.052429352,0.04658907,0.052160274,0.052569143,0.046492603,Rocky Flats,39.912799,-105.188587
350,2023-05-17 05:00:00+00:00,0.050601408,0.048,0.048194528,0.047605176,0.051569305,0.051540755,0.045914944,Rocky Flats,39.912799,-105.188587
351,2023-05-17 06:00:00+00:00,0.0466009,0.044,0.049026217,0.04551151,0.050441496,0.052224074,0.044867873,Rocky Flats,39.912799,-105.188587
352,2023-05-17 07:00:00+00:00,0.043355953,0.043,0.04592038,0.043547742,0.049976654,0.051688034,0.043072354,Rocky Flats,39.912799,-105.188587
353,2023-05-17 08:00:00+00:00,0.043038912,0.044,0.043524217,0.04448228,0.049319945,0.051706847,0.04318768,Rocky Flats,39.912799,-105.188587
354,2023-05-17 09:00:00+00:00,0.04359236,0.048,0.0432655,0.043688357,0.04739609,0.050433625,0.041591946,Rocky Flats,39.912799,-105.188587
355,2023-05-17 10:00:00+00:00,0.04698213,0.052,0.043293938,0.04190264,0.044232223,0.047549695,0.040486824,Rocky Flats,39.912799,-105.188587
356,2023-05-17 11:00:00+00:00,0.050160903,0.052,0.04570857,0.039693218,0.04186894,0.045298226,0.040026207,Rocky Flats,39.912799,-105.188587
357,2023-05-17 12:00:00+00:00,0.049324874,0.052,0.046975024,0.036838513,0.038402636,0.04351647,0.039074726,Rocky Flats,39.912799,-105.188587
358,2023-05-17 13:00:00+00:00,0.049670827,0.052,0.046525534,0.037487723,0.037481308,0.04284341,0.03942629,Rocky Flats,39.912799,-105.188587
359,2023-05-17 14:00:00+00:00,0.051454026,0.056,0.048395663,0.04108014,0.040258855,0.043298557,0.042166006,Rocky Flats,39.912799,-105.188587
360,2023-05-17 15:00:00+00:00,0.05756625,0.054,0.05293767,0.044962823,0.04452845,0.04727967,0.045847613,Rocky Flats,39.912799,-105.188587
361,2023-05-17 16:00:00+00:00,0.055327754,0.059000000000000004,0.05988949,0.049140524,0.049023062,0.050870158,0.053065754,Rocky Flats,39.912799,-105.188587
362,2023-05-17 17:00:00+00:00,0.06167889,0.062000000000000006,0.058735885,0.053835645,0.052852683,0.05384806,0.058455344,Rocky Flats,39.912799,-105.188587
363,2023-05-17 18:00:00+00:00,0.06351762,0.063,0.06440445,0.05853332,0.05570938,0.056739196,0.06204307,Rocky Flats,39.912799,-105.188587
364,2023-05-17 19:00:00+00:00,0.06297378,0.065,0.064948976,0.060323726,0.057785623,0.058839384,0.06186902,Rocky Flats,39.912799,-105.188587
365,2023-05-17 20:00:00+00:00,0.065027304,0.067,0.06272281,0.06282443,0.05935614,0.060659368,0.06155157,Rocky Flats,39.912799,-105.188587
366,2023-05-17 21:00:00+00:00,0.06763458,0.066,0.06371602,0.06432874,0.060513284,0.061701473,0.061703097,Rocky Flats,39.912799,-105.188587
367,2023-05-17 22:00:00+00:00,0.065074325,0.069,0.066000916,0.06385864,0.060438227,0.061962795,0.060949206,Rocky Flats,39.912799,-105.188587
368,2023-05-17 23:00:00+00:00,0.066970184,0.074,0.063291475,0.064905815,0.060267415,0.06308705,0.058960076,Rocky Flats,39.912799,-105.188587
369,2023-05-18 00:00:00+00:00,0.072200276,0.066,0.06284086,0.06367583,0.05892761,0.062062826,0.056319315,Rocky Flats,39.912799,-105.188587
370,2023-05-18 01:00:00+00:00,0.059844475,0.05800000000000001,0.06612796,0.06005809,0.05657766,0.060201213,0.052564397,Rocky Flats,39.912799,-105.188587
371,2023-05-18 02:00:00+00:00,0.054588854,0.05800000000000001,0.056924116,0.056286216,0.054389313,0.058116607,0.052392922,Rocky Flats,39.912799,-105.188587
372,2023-05-18 03:00:00+00:00,0.055719394,0.055,0.05252358,0.054806083,0.053265944,0.057587314,0.05230988,Rocky Flats,39.912799,-105.188587
373,2023-05-18 04:00:00+00:00,0.05269626,0.054,0.05389163,0.050831452,0.052213237,0.05680885,0.053039975,Rocky Flats,39.912799,-105.188587
374,2023-05-18 05:00:00+00:00,0.052820716,0.048,0.051797062,0.045973543,0.051496636,0.0559285,0.053359624,Rocky Flats,39.912799,-105.188587
375,2023-05-18 06:00:00+00:00,0.04664878,0.056,0.051404003,0.04618448,0.052548006,0.055449236,0.053077646,Rocky Flats,39.912799,-105.188587
376,2023-05-18 07:00:00+00:00,0.056218617,0.056,0.045553807,0.0457694,0.051564183,0.056552798,0.052189123,Rocky Flats,39.912799,-105.188587
377,2023-05-18 08:00:00+00:00,0.05449214,0.054,0.054341037,0.045131903,0.049859386,0.055154037,0.052278355,Rocky Flats,39.912799,-105.188587
378,2023-05-18 09:00:00+00:00,0.05119633,0.049,0.05196107,0.042901695,0.048927028,0.05319776,0.051142395,Rocky Flats,39.912799,-105.188587
379,2023-05-18 10:00:00+00:00,0.0457982,0.048,0.049796354,0.042651046,0.046818975,0.053274125,0.050524052,Rocky Flats,39.912799,-105.188587
380,2023-05-18 11:00:00+00:00,0.04551605,0.049,0.043400016,0.040989622,0.043421704,0.048321214,0.049010303,Rocky Flats,39.912799,-105.188587
381,2023-05-18 12:00:00+00:00,0.046910807,0.048,0.043568928,0.03932703,0.03871569,0.046348814,0.046826195,Rocky Flats,39.912799,-105.188587
382,2023-05-18 13:00:00+00:00,0.04622125,0.041,0.047711086,0.03904372,0.03690055,0.044971343,0.045261413,Rocky Flats,39.912799,-105.188587
383,2023-05-18 14:00:00+00:00,0.039965887,0.044,0.049689196,0.042073123,0.03790064,0.04727693,0.044953562,Rocky Flats,39.912799,-105.188587
384,2023-05-18 15:00:00+00:00,0.04573105,0.05,0.04580109,0.04525381,0.04224456,0.05136748,0.0503331,Rocky Flats,39.912799,-105.188587
385,2023-05-18 16:00:00+00:00,0.052037355,0.055,0.05262861,0.047242776,0.04678544,0.054925125,0.055724252,Rocky Flats,39.912799,-105.188587
386,2023-05-18 17:00:00+00:00,0.057837434,0.05800000000000001,0.05691702,0.049959753,0.051413998,0.056942195,0.058317304,Rocky Flats,39.912799,-105.188587
387,2023-05-18 18:00:00+00:00,0.05942245,0.054,0.061150867,0.05613257,0.055686403,0.057305545,0.060106985,Rocky Flats,39.912799,-105.188587
388,2023-05-18 19:00:00+00:00,0.05168223,0.056,0.06022369,0.057325814,0.058847684,0.05721585,0.059926648,Rocky Flats,39.912799,-105.188587
389,2023-05-18 20:00:00+00:00,0.055717546,0.05800000000000001,0.05104417,0.056959037,0.060891982,0.056749824,0.06110112,Rocky Flats,39.912799,-105.188587
390,2023-05-18 21:00:00+00:00,0.058651537,0.062000000000000006,0.05454945,0.055683665,0.0629899,0.055491332,0.061512623,Rocky Flats,39.912799,-105.188587
391,2023-05-18 22:00:00+00:00,0.060332023,0.061,0.055587087,0.051437452,0.062126257,0.054285463,0.06280263,Rocky Flats,39.912799,-105.188587
392,2023-05-18 23:00:00+00:00,0.058775112,0.059000000000000004,0.05665254,0.04919843,0.06132888,0.052536543,0.061929323,Rocky Flats,39.912799,-105.188587
393,2023-05-19 00:00:00+00:00,0.056346357,0.053,0.05478058,0.047341827,0.057416257,0.051091164,0.06104198,Rocky Flats,39.912799,-105.188587
394,2023-05-19 01:00:00+00:00,0.049834263,0.054,0.053093653,0.04612902,0.051006064,0.049888648,0.059163265,Rocky Flats,39.912799,-105.188587
395,2023-05-19 02:00:00+00:00,0.05308377,0.053,0.047127545,0.043704204,0.044825807,0.048389103,0.05931232,Rocky Flats,39.912799,-105.188587
396,2023-05-19 03:00:00+00:00,0.05076357,0.052,0.050409425,0.03938995,0.0386718,0.047555465,0.05997761,Rocky Flats,39.912799,-105.188587
397,2023-05-19 04:00:00+00:00,0.049989402,0.055,0.048041753,0.03633618,0.03970497,0.04505199,0.056951452,Rocky Flats,39.912799,-105.188587
398,2023-05-19 05:00:00+00:00,0.053762432,0.053,0.047852512,0.038321525,0.037315827,0.041001372,0.052623566,Rocky Flats,39.912799,-105.188587
399,2023-05-19 06:00:00+00:00,0.050438907,0.053,0.05108359,0.041094195,0.03772437,0.0376033,0.048153058,Rocky Flats,39.912799,-105.188587
400,2023-05-19 07:00:00+00:00,0.05097695,0.05,0.047482684,0.043817118,0.033200715,0.038569193,0.045114443,Rocky Flats,39.912799,-105.188587
401,2023-05-19 08:00:00+00:00,0.047693282,0.052,0.048756357,0.046806492,0.036420174,0.035585422,0.043553628,Rocky Flats,39.912799,-105.188587
402,2023-05-19 09:00:00+00:00,0.050725847,0.052,0.0454817,0.04700474,0.038312957,0.036648706,0.0437944,Rocky Flats,39.912799,-105.188587
403,2023-05-19 10:00:00+00:00,0.049960975,0.051,0.049170513,0.046162054,0.039021805,0.034809273,0.041482706,Rocky Flats,39.912799,-105.188587
404,2023-05-19 11:00:00+00:00,0.048496157,0.048,0.04734161,0.04446425,0.039468918,0.031578742,0.039965957,Rocky Flats,39.912799,-105.188587
405,2023-05-19 12:00:00+00:00,0.04519122,0.046,0.045709167,0.04562312,0.03869323,0.030230533,0.038655765,Rocky Flats,39.912799,-105.188587
406,2023-05-19 13:00:00+00:00,0.044139728,0.043,0.04367723,0.048333593,0.038847614,0.031281546,0.035571706,Rocky Flats,39.912799,-105.188587
407,2023-05-19 14:00:00+00:00,0.042294282,0.042,0.044071954,0.05084656,0.038897537,0.033610992,0.036831606,Rocky Flats,39.912799,-105.188587
408,2023-05-19 15:00:00+00:00,0.0419113,0.041,0.04376244,0.0522142,0.041201282,0.036773182,0.0399335,Rocky Flats,39.912799,-105.188587
409,2023-05-19 16:00:00+00:00,0.0407023,0.033,0.04334115,0.051099844,0.043023825,0.039486602,0.03885477,Rocky Flats,39.912799,-105.188587
410,2023-05-19 17:00:00+00:00,0.032380033,0.027,0.04137684,0.04900292,0.044574764,0.0416068,0.03439415,Rocky Flats,39.912799,-105.188587
411,2023-05-19 18:00:00+00:00,0.027719676,0.038,0.034094244,0.044732362,0.04532576,0.04259196,0.03413612,Rocky Flats,39.912799,-105.188587
412,2023-05-19 19:00:00+00:00,0.040499255,0.042,0.030749647,0.04019811,0.04474606,0.042939723,0.036586285,Rocky Flats,39.912799,-105.188587
413,2023-05-19 20:00:00+00:00,0.043391325,0.045,0.041099098,0.034500487,0.043007143,0.043472264,0.03963631,Rocky Flats,39.912799,-105.188587
414,2023-05-19 21:00:00+00:00,0.04544258,0.038,0.042316187,0.029276822,0.040207807,0.043565232,0.041899353,Rocky Flats,39.912799,-105.188587
415,2023-05-19 22:00:00+00:00,0.036753256,0.042,0.044510875,0.030382175,0.039260462,0.043646764,0.04331512,Rocky Flats,39.912799,-105.188587
416,2023-05-19 23:00:00+00:00,0.042546604,0.044,0.03555556,0.034817684,0.037499726,0.042930428,0.043171212,Rocky Flats,39.912799,-105.188587
417,2023-05-20 00:00:00+00:00,0.04394788,0.042,0.041252322,0.040858507,0.03747061,0.041339047,0.041685842,Rocky Flats,39.912799,-105.188587
418,2023-05-20 01:00:00+00:00,0.040080987,0.038,0.041031186,0.039376497,0.041106552,0.039156146,0.039706983,Rocky Flats,39.912799,-105.188587
419,2023-05-20 02:00:00+00:00,0.036521126,0.037,0.03765749,0.04258573,0.040798936,0.03673482,0.03846067,Rocky Flats,39.912799,-105.188587
420,2023-05-20 03:00:00+00:00,0.035783783,0.036,0.035167247,0.041727226,0.039803736,0.034444228,0.038066566,Rocky Flats,39.912799,-105.188587
421,2023-05-20 04:00:00+00:00,0.034823216,0.034,0.035116915,0.039337005,0.035611026,0.031671368,0.037623473,Rocky Flats,39.912799,-105.188587
422,2023-05-20 05:00:00+00:00,0.032888062,0.026,0.033774734,0.03645292,0.035252854,0.03225913,0.037606858,Rocky Flats,39.912799,-105.188587
423,2023-05-20 06:00:00+00:00,0.025188178,0.027,0.032440778,0.033553272,0.034600157,0.03252192,0.036095817,Rocky Flats,39.912799,-105.188587
424,2023-05-20 07:00:00+00:00,0.027202379,0.031000000000000003,0.0259765,0.03000066,0.032477792,0.03279797,0.034378614,Rocky Flats,39.912799,-105.188587
425,2023-05-20 08:00:00+00:00,0.031027894,0.026,0.028010836,0.026546543,0.031506334,0.031301446,0.031341437,Rocky Flats,39.912799,-105.188587
426,2023-05-20 09:00:00+00:00,0.025447208,0.028,0.030871665,0.021426981,0.031164082,0.03104468,0.030143188,Rocky Flats,39.912799,-105.188587
427,2023-05-20 10:00:00+00:00,0.02751452,0.03,0.025553625,0.019584294,0.031113831,0.030429062,0.029167864,Rocky Flats,39.912799,-105.188587
428,2023-05-20 11:00:00+00:00,0.02929292,0.027,0.02748715,0.02036092,0.030203389,0.028084977,0.02858486,Rocky Flats,39.912799,-105.188587
429,2023-05-20 12:00:00+00:00,0.026161175,0.026,0.029144099,0.018196454,0.026427876,0.025451055,0.029324487,Rocky Flats,39.912799,-105.188587
430,2023-05-20 13:00:00+00:00,0.026134895,0.03,0.027161052,0.020005597,0.024398841,0.024804879,0.028955922,Rocky Flats,39.912799,-105.188587
431,2023-05-20 14:00:00+00:00,0.03114572,0.033,0.028935406,0.02386244,0.023826655,0.026880722,0.03012557,Rocky Flats,39.912799,-105.188587
432,2023-05-20 15:00:00+00:00,0.034995794,0.041,0.034620352,0.026553078,0.02448468,0.030111812,0.034075864,Rocky Flats,39.912799,-105.188587
433,2023-05-20 16:00:00+00:00,0.042420883,0.049,0.039580982,0.029941944,0.028184464,0.032567836,0.04001975,Rocky Flats,39.912799,-105.188587
434,2023-05-20 17:00:00+00:00,0.05128274,0.056999999999999995,0.046679653,0.033635937,0.032947052,0.0347241,0.045181476,Rocky Flats,39.912799,-105.188587
435,2023-05-20 18:00:00+00:00,0.05958826,0.062000000000000006,0.054921813,0.039832484,0.035941824,0.036807124,0.049781512,Rocky Flats,39.912799,-105.188587
436,2023-05-20 19:00:00+00:00,0.06308903,0.062000000000000006,0.060887616,0.04277822,0.0383036,0.037959263,0.053855933,Rocky Flats,39.912799,-105.188587
437,2023-05-20 20:00:00+00:00,0.05990792,0.064,0.0617173,0.050043438,0.039199926,0.03966661,0.056426574,Rocky Flats,39.912799,-105.188587
438,2023-05-20 21:00:00+00:00,0.063115075,0.066,0.057083096,0.05742274,0.03951032,0.042278476,0.056857686,Rocky Flats,39.912799,-105.188587
439,2023-05-20 22:00:00+00:00,0.0632583,0.065,0.060013764,0.060567115,0.04041856,0.044319507,0.05578939,Rocky Flats,39.912799,-105.188587
440,2023-05-20 23:00:00+00:00,0.062035408,0.056,0.059614323,0.058623213,0.045550153,0.048371237,0.053956557,Rocky Flats,39.912799,-105.188587
441,2023-05-21 00:00:00+00:00,0.052343167,0.059000000000000004,0.05794018,0.057207286,0.04923719,0.048188493,0.05155522,Rocky Flats,39.912799,-105.188587
442,2023-05-21 01:00:00+00:00,0.056658763,0.056999999999999995,0.04990009,0.054545924,0.05232369,0.046764467,0.049002245,Rocky Flats,39.912799,-105.188587
443,2023-05-21 02:00:00+00:00,0.053706937,0.054,0.05362705,0.05143293,0.05197631,0.043406043,0.04679265,Rocky Flats,39.912799,-105.188587
444,2023-05-21 03:00:00+00:00,0.050013088,0.05,0.05015498,0.046853982,0.05034997,0.04263942,0.044933323,Rocky Flats,39.912799,-105.188587
445,2023-05-21 04:00:00+00:00,0.04695744,0.046,0.048056357,0.046275806,0.049059004,0.041708194,0.043719947,Rocky Flats,39.912799,-105.188587
446,2023-05-21 05:00:00+00:00,0.04393072,0.046,0.04541343,0.045911625,0.04705484,0.04124996,0.04245115,Rocky Flats,39.912799,-105.188587
447,2023-05-21 06:00:00+00:00,0.044849798,0.046,0.04280731,0.045836035,0.044835627,0.038135566,0.0419577,Rocky Flats,39.912799,-105.188587
448,2023-05-21 07:00:00+00:00,0.04519399,0.048,0.043658365,0.044337276,0.04380813,0.038502213,0.041056953,Rocky Flats,39.912799,-105.188587
449,2023-05-21 08:00:00+00:00,0.04740374,0.045,0.043746833,0.042353626,0.043372367,0.038772337,0.040505752,Rocky Flats,39.912799,-105.188587
450,2023-05-21 09:00:00+00:00,0.044086225,0.043,0.045886163,0.043237004,0.04342496,0.03985784,0.039294418,Rocky Flats,39.912799,-105.188587
451,2023-05-21 10:00:00+00:00,0.04211795,0.048,0.04263406,0.04311679,0.042946976,0.039727364,0.03783775,Rocky Flats,39.912799,-105.188587
452,2023-05-21 11:00:00+00:00,0.047002073,0.05,0.040440414,0.04305151,0.04144352,0.0414257,0.035563644,Rocky Flats,39.912799,-105.188587
453,2023-05-21 12:00:00+00:00,0.048176236,0.048,0.044275243,0.039741445,0.040187843,0.040914908,0.0350682,Rocky Flats,39.912799,-105.188587
454,2023-05-21 13:00:00+00:00,0.045946706,0.045,0.045738906,0.03735986,0.03966098,0.041620642,0.035649177,Rocky Flats,39.912799,-105.188587
455,2023-05-21 14:00:00+00:00,0.044804204,0.053,0.045736384,0.040488753,0.041597825,0.043561254,0.037333526,Rocky Flats,39.912799,-105.188587
456,2023-05-21 15:00:00+00:00,0.05501548,0.061,0.04700627,0.04457735,0.045206428,0.046380654,0.039875116,Rocky Flats,39.912799,-105.188587
457,2023-05-21 16:00:00+00:00,0.063549414,0.062000000000000006,0.057346333,0.048472013,0.049558755,0.05074747,0.04479768,Rocky Flats,39.912799,-105.188587
458,2023-05-21 17:00:00+00:00,0.06320584,0.062000000000000006,0.06499719,0.052410062,0.05396557,0.057025317,0.04955317,Rocky Flats,39.912799,-105.188587
459,2023-05-21 18:00:00+00:00,0.063458614,0.064,0.06414609,0.05730293,0.0569031,0.06365624,0.05543945,Rocky Flats,39.912799,-105.188587
460,2023-05-21 19:00:00+00:00,0.065755844,0.067,0.063873634,0.062978856,0.058750264,0.06764224,0.06003212,Rocky Flats,39.912799,-105.188587
461,2023-05-21 20:00:00+00:00,0.068607226,0.071,0.06671104,0.06603409,0.05995797,0.06989071,0.062397085,Rocky Flats,39.912799,-105.188587
462,2023-05-21 21:00:00+00:00,0.072116524,0.072,0.06903995,0.06441313,0.06131712,0.071092755,0.063131474,Rocky Flats,39.912799,-105.188587
463,2023-05-21 22:00:00+00:00,0.07148975,0.074,0.07073592,0.06613167,0.062189035,0.07058409,0.06349407,Rocky Flats,39.912799,-105.188587
464,2023-05-21 23:00:00+00:00,0.07274593,0.073,0.06895204,0.066887245,0.062073704,0.06972367,0.063545264,Rocky Flats,39.912799,-105.188587
465,2023-05-22 00:00:00+00:00,0.069762744,0.071,0.068410754,0.06646858,0.06117108,0.06723653,0.060267802,Rocky Flats,39.912799,-105.188587
466,2023-05-22 01:00:00+00:00,0.06641011,0.068,0.06433746,0.06141461,0.06032543,0.063733906,0.05415715,Rocky Flats,39.912799,-105.188587
467,2023-05-22 02:00:00+00:00,0.063276134,0.066,0.061700754,0.057359397,0.05925545,0.06099726,0.049739722,Rocky Flats,39.912799,-105.188587
468,2023-05-22 03:00:00+00:00,0.061943434,0.061,0.059582546,0.053555515,0.05806548,0.05921589,0.047188032,Rocky Flats,39.912799,-105.188587
469,2023-05-22 04:00:00+00:00,0.058062818,0.05800000000000001,0.059324544,0.05118897,0.05669367,0.05650352,0.046559013,Rocky Flats,39.912799,-105.188587
470,2023-05-22 05:00:00+00:00,0.05637954,0.055,0.056470565,0.049322467,0.055236578,0.05414267,0.04597287,Rocky Flats,39.912799,-105.188587
471,2023-05-22 06:00:00+00:00,0.05377106,0.053,0.054943137,0.048755117,0.052242313,0.05326233,0.045620184,Rocky Flats,39.912799,-105.188587
472,2023-05-22 07:00:00+00:00,0.052321047,0.052,0.05253205,0.04784739,0.05112853,0.053215947,0.04583422,Rocky Flats,39.912799,-105.188587
473,2023-05-22 08:00:00+00:00,0.051134545,0.051,0.050846983,0.04703298,0.049188416,0.05217832,0.045403425,Rocky Flats,39.912799,-105.188587
474,2023-05-22 09:00:00+00:00,0.04989016,0.05,0.049668703,0.04589769,0.04897823,0.051164355,0.044308413,Rocky Flats,39.912799,-105.188587
475,2023-05-22 10:00:00+00:00,0.0481506,0.052,0.048529495,0.04436708,0.04731984,0.048942264,0.0444095,Rocky Flats,39.912799,-105.188587
476,2023-05-22 11:00:00+00:00,0.049628127,0.055,0.04600888,0.042220056,0.04508337,0.046631973,0.04320749,Rocky Flats,39.912799,-105.188587
477,2023-05-22 12:00:00+00:00,0.052129656,0.052,0.046066917,0.03989035,0.042504773,0.043819834,0.044127136,Rocky Flats,39.912799,-105.188587
478,2023-05-22 13:00:00+00:00,0.04873532,0.051,0.047772676,0.038243692,0.040266108,0.043361153,0.04265567,Rocky Flats,39.912799,-105.188587
479,2023-05-22 14:00:00+00:00,0.050276466,0.053,0.047493998,0.040241275,0.040911946,0.04516092,0.044000585,Rocky Flats,39.912799,-105.188587
480,2023-05-22 15:00:00+00:00,0.054743946,0.056,0.05211916,0.044661228,0.044530705,0.04889257,0.04607528,Rocky Flats,39.912799,-105.188587
481,2023-05-22 16:00:00+00:00,0.059207965,0.052,0.058882624,0.04929357,0.048881985,0.053075828,0.04796434,Rocky Flats,39.912799,-105.188587
482,2023-05-22 17:00:00+00:00,0.053434268,0.055,0.06536273,0.055263285,0.05362432,0.057016447,0.050988633,Rocky Flats,39.912799,-105.188587
483,2023-05-22 18:00:00+00:00,0.058380812,0.06,0.058885414,0.060921136,0.057427317,0.060371395,0.0555677,Rocky Flats,39.912799,-105.188587
484,2023-05-22 19:00:00+00:00,0.062973194,0.071,0.06328774,0.06612225,0.05966628,0.06362431,0.058277685,Rocky Flats,39.912799,-105.188587
485,2023-05-22 20:00:00+00:00,0.07496792,0.077,0.06589339,0.06656481,0.061690807,0.06538817,0.06026561,Rocky Flats,39.912799,-105.188587
486,2023-05-22 21:00:00+00:00,0.07767366,0.082,0.07621156,0.06673673,0.063196026,0.06671121,0.06157626,Rocky Flats,39.912799,-105.188587
487,2023-05-22 22:00:00+00:00,0.08154591,0.084,0.074944906,0.0686369,0.06439311,0.0665692,0.06117784,Rocky Flats,39.912799,-105.188587
488,2023-05-22 23:00:00+00:00,0.080632865,0.086,0.07642437,0.07466958,0.06368986,0.06540773,0.060391612,Rocky Flats,39.912799,-105.188587
489,2023-05-23 00:00:00+00:00,0.081212915,0.08,0.07377185,0.07386019,0.06247448,0.06369279,0.05937194,Rocky Flats,39.912799,-105.188587
490,2023-05-23 01:00:00+00:00,0.072093144,0.073,0.07299937,0.070206545,0.059964947,0.061426,0.05792887,Rocky Flats,39.912799,-105.188587
491,2023-05-23 02:00:00+00:00,0.06715573,0.07,0.06686136,0.0645223,0.057639085,0.060508016,0.05460569,Rocky Flats,39.912799,-105.188587
492,2023-05-23 03:00:00+00:00,0.06544207,0.067,0.063430846,0.060514264,0.055995136,0.058714196,0.05218476,Rocky Flats,39.912799,-105.188587
493,2023-05-23 04:00:00+00:00,0.06403204,0.068,0.06304414,0.056219768,0.05511266,0.056606255,0.05356777,Rocky Flats,39.912799,-105.188587
494,2023-05-23 05:00:00+00:00,0.06573167,0.059000000000000004,0.061663475,0.05341957,0.054173846,0.055876687,0.054898616,Rocky Flats,39.912799,-105.188587
495,2023-05-23 06:00:00+00:00,0.05657859,0.061,0.06350851,0.052690472,0.05431203,0.055480342,0.054619897,Rocky Flats,39.912799,-105.188587
496,2023-05-23 07:00:00+00:00,0.060120557,0.061,0.05443009,0.05170119,0.05328398,0.054879136,0.05323455,Rocky Flats,39.912799,-105.188587
497,2023-05-23 08:00:00+00:00,0.05972202,0.064,0.058292158,0.051952336,0.05186219,0.053565387,0.050167877,Rocky Flats,39.912799,-105.188587
498,2023-05-23 09:00:00+00:00,0.06258887,0.062000000000000006,0.05731292,0.048597474,0.05092456,0.051760927,0.047767457,Rocky Flats,39.912799,-105.188587
499,2023-05-23 10:00:00+00:00,0.059188314,0.05800000000000001,0.06030297,0.04772868,0.048693925,0.05025901,0.045959532,Rocky Flats,39.912799,-105.188587
500,2023-05-23 11:00:00+00:00,0.054357428,0.056999999999999995,0.055617172,0.04619024,0.046936527,0.046983924,0.046267137,Rocky Flats,39.912799,-105.188587
501,2023-05-23 12:00:00+00:00,0.05363966,0.056,0.04986464,0.04487866,0.042879723,0.045969836,0.044603866,Rocky Flats,39.912799,-105.188587
502,2023-05-23 13:00:00+00:00,0.053092305,0.049,0.048774727,0.043376904,0.0424118,0.0455515,0.043039296,Rocky Flats,39.912799,-105.188587
503,2023-05-23 14:00:00+00:00,0.04776599,0.049,0.051215194,0.04393184,0.043859534,0.046924874,0.04061001,Rocky Flats,39.912799,-105.188587
504,2023-05-23 15:00:00+00:00,0.05113463,0.054,0.052961934,0.047818277,0.04842631,0.05073054,0.04297814,Rocky Flats,39.912799,-105.188587
505,2023-05-23 16:00:00+00:00,0.058123823,0.06,0.059821192,0.053271655,0.053025182,0.053577404,0.047830455,Rocky Flats,39.912799,-105.188587
506,2023-05-23 17:00:00+00:00,0.06435224,0.067,0.067900404,0.06001392,0.057546545,0.0575616,0.05394383,Rocky Flats,39.912799,-105.188587
507,2023-05-23 18:00:00+00:00,0.07067815,0.07,0.07336513,0.066725425,0.06140761,0.060783397,0.05931148,Rocky Flats,39.912799,-105.188587
508,2023-05-23 19:00:00+00:00,0.070960134,0.071,0.07659595,0.072278,0.06359301,0.063786045,0.06296482,Rocky Flats,39.912799,-105.188587
509,2023-05-23 20:00:00+00:00,0.07151628,0.073,0.07397909,0.07686491,0.06500399,0.065974794,0.06694165,Rocky Flats,39.912799,-105.188587
510,2023-05-23 21:00:00+00:00,0.07346764,0.073,0.07382676,0.07899555,0.06578141,0.06704284,0.06873894,Rocky Flats,39.912799,-105.188587
511,2023-05-23 22:00:00+00:00,0.07222479,0.076,0.074294016,0.0777066,0.06582305,0.06798472,0.06777665,Rocky Flats,39.912799,-105.188587
512,2023-05-23 23:00:00+00:00,0.07533034,0.076,0.07107272,0.07357806,0.06498701,0.06938323,0.06605836,Rocky Flats,39.912799,-105.188587
513,2023-05-24 00:00:00+00:00,0.07269363,0.074,0.07203024,0.069145106,0.06298014,0.06778747,0.06497773,Rocky Flats,39.912799,-105.188587
514,2023-05-24 01:00:00+00:00,0.0691556,0.075,0.06789974,0.06491509,0.06025596,0.06413517,0.06285156,Rocky Flats,39.912799,-105.188587
515,2023-05-24 02:00:00+00:00,0.07106765,0.073,0.06550119,0.06094639,0.05762602,0.061055206,0.059500575,Rocky Flats,39.912799,-105.188587
516,2023-05-24 03:00:00+00:00,0.067984946,0.069,0.06618332,0.056720786,0.055512685,0.060485024,0.058754276,Rocky Flats,39.912799,-105.188587
517,2023-05-24 04:00:00+00:00,0.06532087,0.065,0.06503479,0.053543027,0.0540477,0.06038266,0.05920745,Rocky Flats,39.912799,-105.188587
518,2023-05-24 05:00:00+00:00,0.06255963,0.06,0.06265101,0.052571066,0.053502392,0.05947565,0.05841071,Rocky Flats,39.912799,-105.188587
519,2023-05-24 06:00:00+00:00,0.058008652,0.063,0.060074426,0.052217267,0.05294035,0.05725852,0.056587845,Rocky Flats,39.912799,-105.188587
520,2023-05-24 07:00:00+00:00,0.061865762,0.066,0.055748843,0.051415365,0.05108229,0.055426992,0.054681,Rocky Flats,39.912799,-105.188587
521,2023-05-24 08:00:00+00:00,0.06450847,0.06,0.059703857,0.049921002,0.050430827,0.05431056,0.053053264,Rocky Flats,39.912799,-105.188587
522,2023-05-24 09:00:00+00:00,0.056768265,0.051,0.0627295,0.047488052,0.0492296,0.052118856,0.05126929,Rocky Flats,39.912799,-105.188587
523,2023-05-24 10:00:00+00:00,0.04770434,0.037,0.05473256,0.0468241,0.04810732,0.050091088,0.049345996,Rocky Flats,39.912799,-105.188587
524,2023-05-24 11:00:00+00:00,0.03525088,0.032,0.045892168,0.04681302,0.045523677,0.04542653,0.046778347,Rocky Flats,39.912799,-105.188587
525,2023-05-24 12:00:00+00:00,0.03194021,0.032,0.034984976,0.04423323,0.04265345,0.045266982,0.044707883,Rocky Flats,39.912799,-105.188587
526,2023-05-24 13:00:00+00:00,0.033273812,0.034,0.03550289,0.041198857,0.042101815,0.044934366,0.04223946,Rocky Flats,39.912799,-105.188587
527,2023-05-24 14:00:00+00:00,0.036511067,0.04,0.04058138,0.040997714,0.043749418,0.04761019,0.040041097,Rocky Flats,39.912799,-105.188587
528,2023-05-24 15:00:00+00:00,0.04332725,0.045,0.045721825,0.04495626,0.046119496,0.0513719,0.041562915,Rocky Flats,39.912799,-105.188587
529,2023-05-24 16:00:00+00:00,0.04950649,0.047,0.053108916,0.0501222,0.04983844,0.055246934,0.048496023,Rocky Flats,39.912799,-105.188587
530,2023-05-24 17:00:00+00:00,0.051630583,0.047,0.06056483,0.05641148,0.05365076,0.058850106,0.056809872,Rocky Flats,39.912799,-105.188587
531,2023-05-24 18:00:00+00:00,0.049210865,0.051,0.06068656,0.06356157,0.059121944,0.06179322,0.06337972,Rocky Flats,39.912799,-105.188587
532,2023-05-24 19:00:00+00:00,0.05304813,0.05800000000000001,0.054767773,0.06951834,0.06282144,0.06420154,0.06772411,Rocky Flats,39.912799,-105.188587
533,2023-05-24 20:00:00+00:00,0.060761154,0.05800000000000001,0.0560711,0.06911038,0.064517155,0.06521259,0.07118318,Rocky Flats,39.912799,-105.188587
534,2023-05-24 21:00:00+00:00,0.05588299,0.056,0.061544742,0.06300477,0.065267704,0.06468207,0.073390536,Rocky Flats,39.912799,-105.188587
535,2023-05-24 22:00:00+00:00,0.054642994,0.05800000000000001,0.05576913,0.057792448,0.06569501,0.062947646,0.073109396,Rocky Flats,39.912799,-105.188587
536,2023-05-24 23:00:00+00:00,0.05713313,0.053,0.0551436,0.055148955,0.06346971,0.06027569,0.07110099,Rocky Flats,39.912799,-105.188587
537,2023-05-25 00:00:00+00:00,0.051147353,0.056999999999999995,0.0559135,0.052660245,0.058273684,0.05764956,0.06924604,Rocky Flats,39.912799,-105.188587
538,2023-05-25 01:00:00+00:00,0.055905856,0.053,0.05008405,0.048727494,0.052758086,0.05631073,0.06630252,Rocky Flats,39.912799,-105.188587
539,2023-05-25 02:00:00+00:00,0.0493282,0.052,0.052162122,0.047111485,0.047690645,0.055052925,0.062148526,Rocky Flats,39.912799,-105.188587
540,2023-05-25 03:00:00+00:00,0.049004726,0.056,0.04705862,0.043550555,0.04521575,0.052327637,0.058811627,Rocky Flats,39.912799,-105.188587
541,2023-05-25 04:00:00+00:00,0.055012632,0.05800000000000001,0.047548395,0.041575257,0.040749278,0.047365293,0.05533647,Rocky Flats,39.912799,-105.188587
542,2023-05-25 05:00:00+00:00,0.0560182,0.049,0.050860036,0.039561085,0.03898548,0.04335648,0.0521217,Rocky Flats,39.912799,-105.188587
543,2023-05-25 06:00:00+00:00,0.046256967,0.049,0.05249076,0.03768399,0.037703183,0.04200593,0.049664933,Rocky Flats,39.912799,-105.188587
544,2023-05-25 07:00:00+00:00,0.048090797,0.047,0.04394777,0.038833912,0.036904674,0.039499167,0.04835334,Rocky Flats,39.912799,-105.188587
545,2023-05-25 08:00:00+00:00,0.046127796,0.044,0.04660995,0.04232404,0.03815636,0.036653157,0.045723546,Rocky Flats,39.912799,-105.188587
546,2023-05-25 09:00:00+00:00,0.043365058,0.039,0.045130525,0.038938053,0.03947661,0.035478044,0.04362002,Rocky Flats,39.912799,-105.188587
547,2023-05-25 10:00:00+00:00,0.03873529,0.03,0.0421382,0.040103998,0.039900064,0.035595056,0.040659014,Rocky Flats,39.912799,-105.188587
548,2023-05-25 11:00:00+00:00,0.030313822,0.032,0.037715077,0.03930471,0.040056773,0.032923296,0.039385647,Rocky Flats,39.912799,-105.188587
549,2023-05-25 12:00:00+00:00,0.03171208,0.037,0.030410567,0.03611702,0.03697873,0.031027162,0.03882961,Rocky Flats,39.912799,-105.188587
550,2023-05-25 13:00:00+00:00,0.037052333,0.042,0.034252986,0.034299538,0.03637694,0.032551374,0.036915343,Rocky Flats,39.912799,-105.188587
551,2023-05-25 14:00:00+00:00,0.04311004,0.04,0.04123713,0.035010234,0.038351063,0.037164457,0.037174594,Rocky Flats,39.912799,-105.188587
552,2023-05-25 15:00:00+00:00,0.041536096,0.039,0.047369808,0.039149176,0.04184248,0.044483177,0.040566236,Rocky Flats,39.912799,-105.188587
553,2023-05-25 16:00:00+00:00,0.042182636,0.047,0.048122,0.044521358,0.046694983,0.04880879,0.04435985,Rocky Flats,39.912799,-105.188587
554,2023-05-25 17:00:00+00:00,0.053275637,0.056999999999999995,0.05058615,0.051153094,0.050987788,0.05335985,0.048347723,Rocky Flats,39.912799,-105.188587
555,2023-05-25 18:00:00+00:00,0.06318835,0.062000000000000006,0.06060319,0.056643188,0.055922557,0.058177494,0.05407198,Rocky Flats,39.912799,-105.188587
556,2023-05-25 19:00:00+00:00,0.065024555,0.069,0.066698566,0.06134471,0.059849657,0.06168603,0.057385232,Rocky Flats,39.912799,-105.188587
557,2023-05-25 20:00:00+00:00,0.07149084,0.071,0.065070115,0.06664366,0.061934877,0.06450134,0.0598547,Rocky Flats,39.912799,-105.188587
558,2023-05-25 21:00:00+00:00,0.070088096,0.073,0.069999345,0.06890979,0.062772945,0.06625321,0.06152567,Rocky Flats,39.912799,-105.188587
559,2023-05-25 22:00:00+00:00,0.07015525,0.073,0.066818394,0.06810291,0.063245684,0.06572861,0.06442938,Rocky Flats,39.912799,-105.188587
560,2023-05-25 23:00:00+00:00,0.070520416,0.054,0.065021224,0.06828925,0.06372645,0.06403873,0.064799234,Rocky Flats,39.912799,-105.188587
561,2023-05-26 00:00:00+00:00,0.04959704,0.051,0.065342605,0.06272723,0.06296188,0.061796054,0.0629978,Rocky Flats,39.912799,-105.188587
562,2023-05-26 01:00:00+00:00,0.049042583,0.048,0.049689677,0.057659946,0.06053409,0.057854746,0.05601541,Rocky Flats,39.912799,-105.188587
563,2023-05-26 02:00:00+00:00,0.047180068,0.051,0.049508914,0.054627597,0.05792423,0.05367105,0.049025632,Rocky Flats,39.912799,-105.188587
564,2023-05-26 03:00:00+00:00,0.049505435,0.045,0.04699155,0.04758814,0.054785717,0.050425272,0.042423468,Rocky Flats,39.912799,-105.188587
565,2023-05-26 04:00:00+00:00,0.042700086,0.042,0.04867088,0.045174673,0.050993927,0.04830601,0.04029205,Rocky Flats,39.912799,-105.188587
566,2023-05-26 05:00:00+00:00,0.04085042,0.049,0.043116324,0.0429291,0.048838943,0.046857648,0.039227903,Rocky Flats,39.912799,-105.188587
567,2023-05-26 06:00:00+00:00,0.048955217,0.047,0.04174164,0.042067878,0.04168058,0.046669073,0.037507143,Rocky Flats,39.912799,-105.188587
568,2023-05-26 07:00:00+00:00,0.04594577,0.042,0.047212355,0.039506596,0.040969495,0.04483404,0.035375662,Rocky Flats,39.912799,-105.188587
569,2023-05-26 08:00:00+00:00,0.041166972,0.035,0.04421976,0.03828754,0.040520243,0.04244017,0.035718154,Rocky Flats,39.912799,-105.188587
570,2023-05-26 09:00:00+00:00,0.0346891,0.037,0.040675867,0.040508617,0.04056322,0.044214997,0.03674537,Rocky Flats,39.912799,-105.188587
571,2023-05-26 10:00:00+00:00,0.036478166,0.038,0.03419249,0.03921429,0.038543977,0.037269387,0.03843036,Rocky Flats,39.912799,-105.188587
572,2023-05-26 11:00:00+00:00,0.03680014,0.04,0.035363853,0.03605901,0.036153074,0.03716133,0.040282186,Rocky Flats,39.912799,-105.188587
573,2023-05-26 12:00:00+00:00,0.038766775,0.038,0.0346148,0.030315941,0.034647055,0.035037257,0.042442553,Rocky Flats,39.912799,-105.188587
574,2023-05-26 13:00:00+00:00,0.037510447,0.038,0.03785251,0.030701766,0.03365962,0.03674456,0.0415934,Rocky Flats,39.912799,-105.188587
575,2023-05-26 14:00:00+00:00,0.039625295,0.036,0.039904017,0.034347497,0.03571246,0.03891378,0.04365936,Rocky Flats,39.912799,-105.188587
576,2023-05-26 15:00:00+00:00,0.038683515,0.034,0.045151934,0.040101662,0.039480805,0.042463683,0.04366844,Rocky Flats,39.912799,-105.188587
577,2023-05-26 16:00:00+00:00,0.03753882,0.041,0.046541557,0.045354284,0.04622946,0.045943443,0.049894795,Rocky Flats,39.912799,-105.188587
578,2023-05-26 17:00:00+00:00,0.04649472,0.051,0.04719945,0.052261777,0.05209849,0.048792187,0.056101073,Rocky Flats,39.912799,-105.188587
579,2023-05-26 18:00:00+00:00,0.056985386,0.056999999999999995,0.05477632,0.057781097,0.057789054,0.052576058,0.06153242,Rocky Flats,39.912799,-105.188587
580,2023-05-26 19:00:00+00:00,0.06062665,0.056,0.06279981,0.06016861,0.061191294,0.058287196,0.06204536,Rocky Flats,39.912799,-105.188587
581,2023-05-26 20:00:00+00:00,0.05589969,0.055,0.06262599,0.06379799,0.0640137,0.06286235,0.060811922,Rocky Flats,39.912799,-105.188587
582,2023-05-26 21:00:00+00:00,0.05326659,0.051,0.05589433,0.06936181,0.06544651,0.06426643,0.060055695,Rocky Flats,39.912799,-105.188587
583,2023-05-26 22:00:00+00:00,0.049338967,0.049,0.05281399,0.0692212,0.064600356,0.06506522,0.06066612,Rocky Flats,39.912799,-105.188587
584,2023-05-26 23:00:00+00:00,0.047360074,0.053,0.04777081,0.063912,0.06283618,0.06534689,0.061084297,Rocky Flats,39.912799,-105.188587
585,2023-05-27 00:00:00+00:00,0.053353988,0.056,0.047476716,0.054432783,0.06181467,0.06381012,0.05921426,Rocky Flats,39.912799,-105.188587
586,2023-05-27 01:00:00+00:00,0.05468726,0.051,0.051738482,0.048468173,0.058107555,0.059512593,0.05688712,Rocky Flats,39.912799,-105.188587
587,2023-05-27 02:00:00+00:00,0.047262266,0.044,0.05134565,0.044389267,0.05217184,0.05362842,0.053018246,Rocky Flats,39.912799,-105.188587
588,2023-05-27 03:00:00+00:00,0.04055364,0.04,0.04523433,0.042226262,0.046945952,0.048506573,0.048528586,Rocky Flats,39.912799,-105.188587
589,2023-05-27 04:00:00+00:00,0.038288943,0.04,0.039828923,0.04090648,0.041631144,0.046780337,0.044464953,Rocky Flats,39.912799,-105.188587
590,2023-05-27 05:00:00+00:00,0.039303005,0.044,0.037966613,0.036524914,0.038791675,0.04444125,0.043007,Rocky Flats,39.912799,-105.188587
591,2023-05-27 06:00:00+00:00,0.04351409,0.04,0.03817709,0.03409632,0.0358947,0.04248764,0.040152177,Rocky Flats,39.912799,-105.188587
592,2023-05-27 07:00:00+00:00,0.03830933,0.039,0.0411414,0.032237846,0.03412887,0.03666974,0.036474153,Rocky Flats,39.912799,-105.188587
593,2023-05-27 08:00:00+00:00,0.038304552,0.036,0.037297618,0.032112557,0.03328451,0.0334045,0.035504792,Rocky Flats,39.912799,-105.188587
594,2023-05-27 09:00:00+00:00,0.035664327,0.035,0.037414808,0.033356674,0.03126374,0.031576898,0.03757794,Rocky Flats,39.912799,-105.188587
595,2023-05-27 10:00:00+00:00,0.034376778,0.027,0.034946993,0.02933638,0.03089366,0.033288434,0.038837504,Rocky Flats,39.912799,-105.188587
596,2023-05-27 11:00:00+00:00,0.026688855,0.03,0.03300498,0.026864223,0.029721659,0.03342527,0.0399209,Rocky Flats,39.912799,-105.188587
597,2023-05-27 12:00:00+00:00,0.030060321,0.031000000000000003,0.026984535,0.025987463,0.029998638,0.032847807,0.03858533,Rocky Flats,39.912799,-105.188587
598,2023-05-27 13:00:00+00:00,0.03152045,0.026,0.032629192,0.029356828,0.030157326,0.032357123,0.036552176,Rocky Flats,39.912799,-105.188587
599,2023-05-27 14:00:00+00:00,0.028739467,0.037,0.035942968,0.033262398,0.03237579,0.03434924,0.03887004,Rocky Flats,39.912799,-105.188587
600,2023-05-27 15:00:00+00:00,0.04141378,0.043,0.036487907,0.041136716,0.036171615,0.037485834,0.042513873,Rocky Flats,39.912799,-105.188587
601,2023-05-27 16:00:00+00:00,0.04766762,0.043,0.048592594,0.04607776,0.040602468,0.041197952,0.046528675,Rocky Flats,39.912799,-105.188587
602,2023-05-27 17:00:00+00:00,0.0461482,0.049,0.054184172,0.048184015,0.044730335,0.045218498,0.04896504,Rocky Flats,39.912799,-105.188587
603,2023-05-27 18:00:00+00:00,0.054204445,0.05800000000000001,0.051866226,0.051167507,0.050241403,0.048494834,0.04894186,Rocky Flats,39.912799,-105.188587
604,2023-05-27 19:00:00+00:00,0.0632354,0.063,0.05966064,0.052743196,0.05368079,0.050985113,0.046410564,Rocky Flats,39.912799,-105.188587
605,2023-05-27 20:00:00+00:00,0.06526224,0.063,0.06628225,0.051772937,0.055635564,0.052730255,0.042882003,Rocky Flats,39.912799,-105.188587
606,2023-05-27 21:00:00+00:00,0.06140318,0.062000000000000006,0.065425865,0.054594863,0.058694925,0.05481605,0.042011492,Rocky Flats,39.912799,-105.188587
607,2023-05-27 22:00:00+00:00,0.06097955,0.062000000000000006,0.060461346,0.059437357,0.058980156,0.056408007,0.042434182,Rocky Flats,39.912799,-105.188587
608,2023-05-27 23:00:00+00:00,0.060590867,0.06,0.06088882,0.060313024,0.057828423,0.057476636,0.04126172,Rocky Flats,39.912799,-105.188587
609,2023-05-28 00:00:00+00:00,0.058305375,0.059000000000000004,0.059444327,0.058568727,0.05701118,0.056896556,0.039058555,Rocky Flats,39.912799,-105.188587
610,2023-05-28 01:00:00+00:00,0.056428876,0.06,0.05677345,0.05600066,0.055506513,0.055085402,0.03604796,Rocky Flats,39.912799,-105.188587
611,2023-05-28 02:00:00+00:00,0.057932537,0.056999999999999995,0.053599767,0.052082747,0.05279736,0.051319234,0.032841798,Rocky Flats,39.912799,-105.188587
612,2023-05-28 03:00:00+00:00,0.053920228,0.056,0.0544164,0.047641207,0.049570918,0.047971718,0.03143804,Rocky Flats,39.912799,-105.188587
613,2023-05-28 04:00:00+00:00,0.053674355,0.056999999999999995,0.050964244,0.046894893,0.04748154,0.04652164,0.030239524,Rocky Flats,39.912799,-105.188587
614,2023-05-28 05:00:00+00:00,0.055460535,0.049,0.051158033,0.04655112,0.04536383,0.046905644,0.029052775,Rocky Flats,39.912799,-105.188587
615,2023-05-28 06:00:00+00:00,0.046560008,0.048,0.052656442,0.045111045,0.044442963,0.047381837,0.02932666,Rocky Flats,39.912799,-105.188587
616,2023-05-28 07:00:00+00:00,0.046839103,0.05,0.04490846,0.04440765,0.04274634,0.048610438,0.030262703,Rocky Flats,39.912799,-105.188587
617,2023-05-28 08:00:00+00:00,0.049173627,0.048,0.04543803,0.044256452,0.042286254,0.04718775,0.032433275,Rocky Flats,39.912799,-105.188587
618,2023-05-28 09:00:00+00:00,0.046239335,0.045,0.047364153,0.040069923,0.041567884,0.044104643,0.036042314,Rocky Flats,39.912799,-105.188587
619,2023-05-28 10:00:00+00:00,0.043070626,0.047,0.04440188,0.03774041,0.04043585,0.04288892,0.039286144,Rocky Flats,39.912799,-105.188587
620,2023-05-28 11:00:00+00:00,0.04562061,0.047,0.040533476,0.036688168,0.038145848,0.040866677,0.040344078,Rocky Flats,39.912799,-105.188587
621,2023-05-28 12:00:00+00:00,0.04551958,0.046,0.042612728,0.03471832,0.034567896,0.039844304,0.04006405,Rocky Flats,39.912799,-105.188587
622,2023-05-28 13:00:00+00:00,0.044887267,0.04,0.04409471,0.034052767,0.034706917,0.04018012,0.038071007,Rocky Flats,39.912799,-105.188587
623,2023-05-28 14:00:00+00:00,0.040628206,0.041,0.046326485,0.0390317,0.03859273,0.043581396,0.03946808,Rocky Flats,39.912799,-105.188587
624,2023-05-28 15:00:00+00:00,0.043838926,0.049,0.046152327,0.04470224,0.044065163,0.04844644,0.044157267,Rocky Flats,39.912799,-105.188587
625,2023-05-28 16:00:00+00:00,0.053508066,0.054,0.050780147,0.049677383,0.049228158,0.052894343,0.049797375,Rocky Flats,39.912799,-105.188587
626,2023-05-28 17:00:00+00:00,0.057542976,0.061,0.058668207,0.053055916,0.054715954,0.056701384,0.054803245,Rocky Flats,39.912799,-105.188587
627,2023-05-28 18:00:00+00:00,0.06498723,0.063,0.061271552,0.053797126,0.05816064,0.059088055,0.058339015,Rocky Flats,39.912799,-105.188587
628,2023-05-28 19:00:00+00:00,0.064545184,0.063,0.06646179,0.05263962,0.060480025,0.060162548,0.061178252,Rocky Flats,39.912799,-105.188587
629,2023-05-28 20:00:00+00:00,0.06384738,0.065,0.0649141,0.052383777,0.06147763,0.06104437,0.06399063,Rocky Flats,39.912799,-105.188587
630,2023-05-28 21:00:00+00:00,0.0660385,0.065,0.064767465,0.05812567,0.061336987,0.062133107,0.06389119,Rocky Flats,39.912799,-105.188587
631,2023-05-28 22:00:00+00:00,0.06480286,0.065,0.06624587,0.06260037,0.060594592,0.063162275,0.06344554,Rocky Flats,39.912799,-105.188587
632,2023-05-28 23:00:00+00:00,0.0623606,0.062000000000000006,0.06403435,0.06390446,0.05749296,0.06333395,0.062120594,Rocky Flats,39.912799,-105.188587
633,2023-05-29 00:00:00+00:00,0.05951954,0.056999999999999995,0.05913416,0.061926164,0.054511737,0.061649423,0.059493754,Rocky Flats,39.912799,-105.188587
634,2023-05-29 01:00:00+00:00,0.054165673,0.05800000000000001,0.055932224,0.056410316,0.0514857,0.057409734,0.058372747,Rocky Flats,39.912799,-105.188587
635,2023-05-29 02:00:00+00:00,0.05613086,0.054,0.05230887,0.05126785,0.04982237,0.054887086,0.05746731,Rocky Flats,39.912799,-105.188587
636,2023-05-29 03:00:00+00:00,0.051191047,0.053,0.05365364,0.04649646,0.051038805,0.053220093,0.0559308,Rocky Flats,39.912799,-105.188587
637,2023-05-29 04:00:00+00:00,0.051229645,0.05,0.04988854,0.044552438,0.051622335,0.053549033,0.054765493,Rocky Flats,39.912799,-105.188587
638,2023-05-29 05:00:00+00:00,0.048454374,0.047,0.05000693,0.04466887,0.049479123,0.052882753,0.052661754,Rocky Flats,39.912799,-105.188587
639,2023-05-29 06:00:00+00:00,0.04604954,0.047,0.04774473,0.04335951,0.047171924,0.052662596,0.05127203,Rocky Flats,39.912799,-105.188587
640,2023-05-29 07:00:00+00:00,0.046360828,0.049,0.045299012,0.043317333,0.043923486,0.052526895,0.0509914,Rocky Flats,39.912799,-105.188587
641,2023-05-29 08:00:00+00:00,0.04830331,0.044,0.04551751,0.042741716,0.04356423,0.05173188,0.052607603,Rocky Flats,39.912799,-105.188587
642,2023-05-29 09:00:00+00:00,0.042552788,0.048,0.04760628,0.04131634,0.0409989,0.04593083,0.054679926,Rocky Flats,39.912799,-105.188587
643,2023-05-29 10:00:00+00:00,0.04677232,0.045,0.04162914,0.040044796,0.040329866,0.044884957,0.05159587,Rocky Flats,39.912799,-105.188587
644,2023-05-29 11:00:00+00:00,0.043135423,0.047,0.045295954,0.039467048,0.03825888,0.042030428,0.045409493,Rocky Flats,39.912799,-105.188587
645,2023-05-29 12:00:00+00:00,0.045293685,0.043,0.040606495,0.035832494,0.034714032,0.040458295,0.041299026,Rocky Flats,39.912799,-105.188587
646,2023-05-29 13:00:00+00:00,0.04175874,0.042,0.043019813,0.036442384,0.03267728,0.03928135,0.039923716,Rocky Flats,39.912799,-105.188587
647,2023-05-29 14:00:00+00:00,0.043270357,0.046,0.043519054,0.03859025,0.034667302,0.04182374,0.038864076,Rocky Flats,39.912799,-105.188587
648,2023-05-29 15:00:00+00:00,0.04919246,0.048,0.048138063,0.04250674,0.0390194,0.04556771,0.040196825,Rocky Flats,39.912799,-105.188587
649,2023-05-29 16:00:00+00:00,0.051392812,0.051,0.05476073,0.047075484,0.04558712,0.049005467,0.043323543,Rocky Flats,39.912799,-105.188587
650,2023-05-29 17:00:00+00:00,0.054822538,0.05800000000000001,0.05881502,0.053037934,0.051359504,0.052584004,0.04993617,Rocky Flats,39.912799,-105.188587
651,2023-05-29 18:00:00+00:00,0.0622162,0.065,0.060556147,0.057804998,0.056479678,0.05557381,0.0514594,Rocky Flats,39.912799,-105.188587
652,2023-05-29 19:00:00+00:00,0.06809529,0.07,0.06558519,0.060678747,0.0603015,0.058377974,0.051654123,Rocky Flats,39.912799,-105.188587
653,2023-05-29 20:00:00+00:00,0.07133827,0.067,0.06921216,0.061052922,0.06286601,0.06139062,0.052055266,Rocky Flats,39.912799,-105.188587
654,2023-05-29 21:00:00+00:00,0.06332174,0.071,0.07010674,0.06364032,0.06427022,0.064582296,0.052813035,Rocky Flats,39.912799,-105.188587
655,2023-05-29 22:00:00+00:00,0.068342604,0.068,0.0602749,0.06795684,0.06481471,0.06703815,0.05386372,Rocky Flats,39.912799,-105.188587
656,2023-05-29 23:00:00+00:00,0.06615802,0.06,0.06413788,0.06782158,0.06411139,0.06677414,0.056382548,Rocky Flats,39.912799,-105.188587
657,2023-05-30 00:00:00+00:00,0.05641212,0.061,0.06276448,0.060103275,0.0629272,0.06525967,0.05783632,Rocky Flats,39.912799,-105.188587
658,2023-05-30 01:00:00+00:00,0.05825187,0.056999999999999995,0.05507536,0.05792694,0.061054952,0.06122999,0.057926476,Rocky Flats,39.912799,-105.188587
659,2023-05-30 02:00:00+00:00,0.054499976,0.05,0.055504102,0.054044977,0.05876058,0.057889298,0.05543818,Rocky Flats,39.912799,-105.188587
660,2023-05-30 03:00:00+00:00,0.047570985,0.048,0.052447848,0.05002761,0.054526307,0.055628512,0.05184906,Rocky Flats,39.912799,-105.188587
661,2023-05-30 04:00:00+00:00,0.046955183,0.05,0.047903456,0.048765164,0.05298527,0.0546919,0.051087573,Rocky Flats,39.912799,-105.188587
662,2023-05-30 05:00:00+00:00,0.049614348,0.05,0.047032695,0.04674338,0.05193929,0.054522634,0.052173603,Rocky Flats,39.912799,-105.188587
663,2023-05-30 06:00:00+00:00,0.049306802,0.048,0.04857331,0.0444976,0.048627082,0.053508304,0.052580677,Rocky Flats,39.912799,-105.188587
664,2023-05-30 07:00:00+00:00,0.047297068,0.045,0.04848889,0.04341851,0.04811836,0.049344547,0.052528292,Rocky Flats,39.912799,-105.188587
665,2023-05-30 08:00:00+00:00,0.044475876,0.046,0.04664285,0.043700796,0.04699377,0.048327398,0.050701566,Rocky Flats,39.912799,-105.188587
666,2023-05-30 09:00:00+00:00,0.045448445,0.046,0.043736342,0.043976806,0.04543962,0.048356812,0.05053646,Rocky Flats,39.912799,-105.188587
667,2023-05-30 10:00:00+00:00,0.044802707,0.046,0.0441576,0.04315781,0.043904405,0.045619812,0.049302787,Rocky Flats,39.912799,-105.188587
668,2023-05-30 11:00:00+00:00,0.044314075,0.047,0.042475376,0.040314306,0.04171629,0.044375215,0.04724456,Rocky Flats,39.912799,-105.188587
669,2023-05-30 12:00:00+00:00,0.045223244,0.039,0.041767005,0.038150348,0.039055355,0.04273153,0.04487043,Rocky Flats,39.912799,-105.188587
670,2023-05-30 13:00:00+00:00,0.03803296,0.039,0.043678015,0.03751507,0.03759451,0.04221086,0.043447558,Rocky Flats,39.912799,-105.188587
671,2023-05-30 14:00:00+00:00,0.040775854,0.043,0.0418943,0.04103932,0.039538264,0.04396822,0.04623823,Rocky Flats,39.912799,-105.188587
672,2023-05-30 15:00:00+00:00,0.046480116,0.045,0.047759347,0.045935657,0.04560762,0.048240658,0.048662737,Rocky Flats,39.912799,-105.188587
673,2023-05-30 16:00:00+00:00,0.04864601,0.051,0.05515307,0.05083597,0.0521618,0.05316116,0.053531602,Rocky Flats,39.912799,-105.188587
674,2023-05-30 17:00:00+00:00,0.055723775,0.059000000000000004,0.057981394,0.05678215,0.058380395,0.057350833,0.057711985,Rocky Flats,39.912799,-105.188587
675,2023-05-30 18:00:00+00:00,0.06340803,0.067,0.0630135,0.06369401,0.06322264,0.060980856,0.060867276,Rocky Flats,39.912799,-105.188587
676,2023-05-30 19:00:00+00:00,0.067094445,0.069,0.0674834,0.06729202,0.06503855,0.063503966,0.06367334,Rocky Flats,39.912799,-105.188587
677,2023-05-30 20:00:00+00:00,0.069662,0.064,0.06468033,0.06908413,0.06743449,0.065119736,0.06505384,Rocky Flats,39.912799,-105.188587
678,2023-05-30 21:00:00+00:00,0.060270607,0.062000000000000006,0.06590813,0.069629334,0.068167366,0.06582118,0.06601008,Rocky Flats,39.912799,-105.188587
679,2023-05-30 22:00:00+00:00,0.059918538,0.06,0.059058737,0.06525225,0.06661501,0.06618787,0.067241125,Rocky Flats,39.912799,-105.188587
680,2023-05-30 23:00:00+00:00,0.059056714,0.06,0.058434643,0.06435726,0.06522479,0.06454461,0.06754587,Rocky Flats,39.912799,-105.188587
681,2023-05-31 00:00:00+00:00,0.058833305,0.056999999999999995,0.0575156,0.058339115,0.06330409,0.06201872,0.06715666,Rocky Flats,39.912799,-105.188587
682,2023-05-31 01:00:00+00:00,0.05343784,0.055,0.056151662,0.056047287,0.06009832,0.058590036,0.06615949,Rocky Flats,39.912799,-105.188587
683,2023-05-31 02:00:00+00:00,0.05298839,0.056999999999999995,0.051938366,0.052773688,0.05936448,0.05482921,0.06166274,Rocky Flats,39.912799,-105.188587
684,2023-05-31 03:00:00+00:00,0.05540855,0.054,0.052267507,0.05041213,0.055672154,0.05291249,0.056593105,Rocky Flats,39.912799,-105.188587
685,2023-05-31 04:00:00+00:00,0.05226304,0.048,0.05365915,0.04933325,0.053580225,0.051673476,0.051763434,Rocky Flats,39.912799,-105.188587
686,2023-05-31 05:00:00+00:00,0.04727833,0.05,0.051744346,0.048323877,0.051182654,0.047678374,0.0501046,Rocky Flats,39.912799,-105.188587
687,2023-05-31 06:00:00+00:00,0.05001135,0.05,0.047287688,0.04761852,0.049104933,0.04960177,0.049600083,Rocky Flats,39.912799,-105.188587
688,2023-05-31 07:00:00+00:00,0.049750805,0.045,0.04801686,0.047182057,0.04754178,0.045069955,0.04977119,Rocky Flats,39.912799,-105.188587
689,2023-05-31 08:00:00+00:00,0.0442763,0.048,0.047510203,0.045037843,0.047313724,0.04605592,0.050897803,Rocky Flats,39.912799,-105.188587
690,2023-05-31 09:00:00+00:00,0.047287792,0.05,0.043271743,0.044470344,0.04648718,0.045783278,0.050992817,Rocky Flats,39.912799,-105.188587
691,2023-05-31 10:00:00+00:00,0.04861107,0.049,0.046091836,0.045056712,0.045212682,0.04630708,0.048319433,Rocky Flats,39.912799,-105.188587
692,2023-05-31 11:00:00+00:00,0.04696343,0.04,0.046761245,0.04204277,0.04308897,0.043648,0.04722689,Rocky Flats,39.912799,-105.188587
693,2023-05-31 12:00:00+00:00,0.037739836,0.043,0.04422587,0.0412765,0.040092066,0.041467313,0.04408122,Rocky Flats,39.912799,-105.188587
694,2023-05-31 13:00:00+00:00,0.04275877,0.039,0.036795717,0.042410728,0.03817357,0.040907454,0.043484632,Rocky Flats,39.912799,-105.188587
695,2023-05-31 14:00:00+00:00,0.040347066,0.047,0.044621155,0.044619195,0.038837485,0.04269931,0.043605957,Rocky Flats,39.912799,-105.188587
696,2023-05-31 15:00:00+00:00,0.050632,0.049,0.046285514,0.04667884,0.044325523,0.046800435,0.047413018,Rocky Flats,39.912799,-105.188587
697,2023-05-31 16:00:00+00:00,0.052424304,0.0545,0.057889316,0.052746728,0.05114762,0.05357272,0.054084636,Rocky Flats,39.912799,-105.188587
698,2023-05-31 17:00:00+00:00,0.058645114,0.06,0.059776463,0.05841716,0.056369524,0.061179988,0.062083513,Rocky Flats,39.912799,-105.188587
699,2023-05-31 18:00:00+00:00,0.06333074,0.067,0.06519066,0.0663113,0.06061182,0.066421054,0.067690246,Rocky Flats,39.912799,-105.188587
700,2023-05-31 19:00:00+00:00,0.070003346,0.062000000000000006,0.067061216,0.07119359,0.06637483,0.06888947,0.07024592,Rocky Flats,39.912799,-105.188587
701,2023-05-31 20:00:00+00:00,0.060104206,0.061,0.07055326,0.071809165,0.06816143,0.069452025,0.070559695,Rocky Flats,39.912799,-105.188587
702,2023-05-31 21:00:00+00:00,0.059516132,0.059000000000000004,0.060334425,0.072147,0.06964894,0.06962322,0.070291,Rocky Flats,39.912799,-105.188587
703,2023-05-31 22:00:00+00:00,0.057253342,0.05809999999999999,0.058450487,0.07350275,0.06838844,0.06943857,0.06869488,Rocky Flats,39.912799,-105.188587
704,2023-05-31 23:00:00+00:00,0.057275385,0.057199999999999994,0.05544312,0.06919362,0.06730945,0.0681518,0.06776004,Rocky Flats,39.912799,-105.188587
705,2023-06-01 00:00:00+00:00,0.056205843,0.0563,0.05723067,0.05922081,0.06576196,0.065100774,0.06506327,Rocky Flats,39.912799,-105.188587
706,2023-06-01 01:00:00+00:00,0.05509587,0.0554,0.053949323,0.05540002,0.06371777,0.061351273,0.060647104,Rocky Flats,39.912799,-105.188587
707,2023-06-01 02:00:00+00:00,0.05381265,0.0545,0.052100454,0.051468983,0.061442528,0.05732564,0.05602185,Rocky Flats,39.912799,-105.188587
708,2023-06-01 03:00:00+00:00,0.05234705,0.0536,0.05033894,0.047143314,0.056038827,0.055628195,0.05332329,Rocky Flats,39.912799,-105.188587
709,2023-06-01 04:00:00+00:00,0.05170438,0.052700000000000004,0.049899396,0.046404496,0.052022133,0.054455616,0.05067111,Rocky Flats,39.912799,-105.188587
710,2023-06-01 05:00:00+00:00,0.05112324,0.0518,0.04957534,0.045656677,0.05026197,0.05355045,0.04837709,Rocky Flats,39.912799,-105.188587
711,2023-06-01 06:00:00+00:00,0.050563082,0.0509,0.049384456,0.0428611,0.047439724,0.05167956,0.04675807,Rocky Flats,39.912799,-105.188587
712,2023-06-01 07:00:00+00:00,0.049912214,0.05,0.049097452,0.041870665,0.04501748,0.045765873,0.046101134,Rocky Flats,39.912799,-105.188587
713,2023-06-01 08:00:00+00:00,0.049094446,0.042,0.04870589,0.04347331,0.04417494,0.046059184,0.04758954,Rocky Flats,39.912799,-105.188587
714,2023-06-01 09:00:00+00:00,0.041244503,0.035,0.04812828,0.044897567,0.0429685,0.042337637,0.04816947,Rocky Flats,39.912799,-105.188587
715,2023-06-01 10:00:00+00:00,0.034653917,0.036,0.040228147,0.04476428,0.042039,0.042965338,0.046422955,Rocky Flats,39.912799,-105.188587
716,2023-06-01 11:00:00+00:00,0.0352239,0.04,0.033737045,0.04283083,0.04040443,0.041904476,0.04447979,Rocky Flats,39.912799,-105.188587
717,2023-06-01 12:00:00+00:00,0.038835317,0.033,0.035069864,0.036525413,0.038160935,0.04060896,0.040545497,Rocky Flats,39.912799,-105.188587
718,2023-06-01 13:00:00+00:00,0.032082323,0.032,0.039757878,0.031558294,0.03711536,0.03997021,0.03892353,Rocky Flats,39.912799,-105.188587
719,2023-06-01 14:00:00+00:00,0.033575837,0.028,0.035924487,0.034127172,0.038381666,0.041098427,0.04201221,Rocky Flats,39.912799,-105.188587
720,2023-06-01 15:00:00+00:00,0.030237138,0.037,0.039973006,0.039513186,0.04045473,0.043593705,0.048427638,Rocky Flats,39.912799,-105.188587
721,2023-06-01 16:00:00+00:00,0.039822657,0.037,0.035948433,0.043294206,0.04410315,0.0463824,0.05224604,Rocky Flats,39.912799,-105.188587
722,2023-06-01 17:00:00+00:00,0.0392523,0.041,0.046006247,0.04862762,0.0501812,0.049043663,0.05530363,Rocky Flats,39.912799,-105.188587
723,2023-06-01 18:00:00+00:00,0.0447848,0.048,0.04419212,0.04691403,0.055939585,0.05122494,0.056902204,Rocky Flats,39.912799,-105.188587
724,2023-06-01 19:00:00+00:00,0.053628672,0.051,0.05115925,0.0483029,0.0583465,0.051964022,0.05577899,Rocky Flats,39.912799,-105.188587
725,2023-06-01 20:00:00+00:00,0.051794585,0.053,0.057712685,0.04909822,0.060613725,0.0526314,0.052966453,Rocky Flats,39.912799,-105.188587
726,2023-06-01 21:00:00+00:00,0.053001843,0.054,0.05232934,0.050933562,0.05693973,0.052136987,0.05075981,Rocky Flats,39.912799,-105.188587
727,2023-06-01 22:00:00+00:00,0.054564208,0.056999999999999995,0.051749837,0.049999885,0.056215867,0.0510748,0.049770664,Rocky Flats,39.912799,-105.188587
728,2023-06-01 23:00:00+00:00,0.056277037,0.054,0.05500086,0.048122726,0.051977426,0.04915522,0.048835192,Rocky Flats,39.912799,-105.188587
729,2023-06-02 00:00:00+00:00,0.052535266,0.049,0.054834265,0.047363203,0.049999624,0.04748853,0.046270333,Rocky Flats,39.912799,-105.188587
730,2023-06-02 01:00:00+00:00,0.046379723,0.051,0.050421793,0.046839625,0.05052414,0.042691797,0.041908775,Rocky Flats,39.912799,-105.188587
731,2023-06-02 02:00:00+00:00,0.050139163,0.046,0.045231752,0.04497125,0.047587834,0.03878423,0.04076783,Rocky Flats,39.912799,-105.188587
732,2023-06-02 03:00:00+00:00,0.043008372,0.042,0.048173357,0.04262976,0.045260776,0.035701074,0.041254606,Rocky Flats,39.912799,-105.188587
733,2023-06-02 04:00:00+00:00,0.04048499,0.051,0.042931456,0.038041573,0.044545837,0.03457005,0.039615277,Rocky Flats,39.912799,-105.188587
734,2023-06-02 05:00:00+00:00,0.051349383,0.047,0.04109766,0.038563397,0.044270705,0.033967465,0.038401466,Rocky Flats,39.912799,-105.188587
735,2023-06-02 06:00:00+00:00,0.045794763,0.044,0.049569342,0.037437722,0.04194612,0.030690677,0.03488137,Rocky Flats,39.912799,-105.188587
736,2023-06-02 07:00:00+00:00,0.043057512,0.044,0.043086316,0.03749821,0.042087086,0.031296972,0.033625305,Rocky Flats,39.912799,-105.188587
737,2023-06-02 08:00:00+00:00,0.04310109,0.041,0.040895972,0.043055438,0.04232615,0.033198997,0.03115495,Rocky Flats,39.912799,-105.188587
738,2023-06-02 09:00:00+00:00,0.039716057,0.04,0.041980047,0.041245997,0.043291263,0.03462867,0.029907495,Rocky Flats,39.912799,-105.188587
739,2023-06-02 10:00:00+00:00,0.03840476,0.04,0.03815052,0.039624553,0.04323337,0.035532605,0.032045107,Rocky Flats,39.912799,-105.188587
740,2023-06-02 11:00:00+00:00,0.038264334,0.042,0.036280815,0.03884393,0.043764245,0.03396236,0.03236828,Rocky Flats,39.912799,-105.188587
741,2023-06-02 12:00:00+00:00,0.040375262,0.033,0.03617714,0.03447667,0.04105911,0.03326567,0.033775494,Rocky Flats,39.912799,-105.188587
742,2023-06-02 13:00:00+00:00,0.03206497,0.038,0.039957885,0.032257047,0.03716734,0.035030056,0.036396954,Rocky Flats,39.912799,-105.188587
743,2023-06-02 14:00:00+00:00,0.039221205,0.05,0.035378482,0.035573624,0.035518117,0.038767926,0.039691664,Rocky Flats,39.912799,-105.188587
744,2023-06-02 15:00:00+00:00,0.052905582,0.052,0.04436907,0.041467566,0.03635906,0.04470502,0.04342468,Rocky Flats,39.912799,-105.188587
745,2023-06-02 16:00:00+00:00,0.053871352,0.052,0.05796005,0.046378024,0.041658405,0.050727077,0.047748253,Rocky Flats,39.912799,-105.188587
746,2023-06-02 17:00:00+00:00,0.054524716,0.054,0.059109747,0.053151604,0.048154276,0.059536163,0.051432893,Rocky Flats,39.912799,-105.188587
747,2023-06-02 18:00:00+00:00,0.055967823,0.063,0.0591254,0.06330142,0.05575704,0.06864507,0.05435744,Rocky Flats,39.912799,-105.188587
748,2023-06-02 19:00:00+00:00,0.06743878,0.071,0.058874507,0.066353746,0.06133558,0.06897272,0.05615526,Rocky Flats,39.912799,-105.188587
749,2023-06-02 20:00:00+00:00,0.07244539,0.064,0.06913647,0.06529282,0.065053575,0.06586462,0.05765645,Rocky Flats,39.912799,-105.188587
750,2023-06-02 21:00:00+00:00,0.060507014,0.05800000000000001,0.068756245,0.062231373,0.06735369,0.059283514,0.05845652,Rocky Flats,39.912799,-105.188587
751,2023-06-02 22:00:00+00:00,0.05642513,0.056,0.057659894,0.059925087,0.06640304,0.05861041,0.059169073,Rocky Flats,39.912799,-105.188587
752,2023-06-02 23:00:00+00:00,0.05444401,0.055,0.055866305,0.059705332,0.06600088,0.057344083,0.05967067,Rocky Flats,39.912799,-105.188587
753,2023-06-03 00:00:00+00:00,0.05350425,0.05,0.053747375,0.053898275,0.06304633,0.05549413,0.058702625,Rocky Flats,39.912799,-105.188587
754,2023-06-03 01:00:00+00:00,0.047703337,0.047,0.052279748,0.05001406,0.059802506,0.05354056,0.05638905,Rocky Flats,39.912799,-105.188587
755,2023-06-03 02:00:00+00:00,0.045705307,0.048,0.048024405,0.04739262,0.05563683,0.04937385,0.053875983,Rocky Flats,39.912799,-105.188587
756,2023-06-03 03:00:00+00:00,0.04692617,0.047,0.046806872,0.044597,0.051625576,0.046353906,0.05146711,Rocky Flats,39.912799,-105.188587
757,2023-06-03 04:00:00+00:00,0.045860995,0.047,0.04738955,0.043081712,0.048016574,0.045226086,0.047274824,Rocky Flats,39.912799,-105.188587
758,2023-06-03 05:00:00+00:00,0.046329994,0.059000000000000004,0.046103097,0.043050837,0.04398996,0.04277516,0.043305885,Rocky Flats,39.912799,-105.188587
759,2023-06-03 06:00:00+00:00,0.059650432,0.041,0.045659646,0.04356295,0.04139426,0.04232163,0.042708572,Rocky Flats,39.912799,-105.188587
760,2023-06-03 07:00:00+00:00,0.038679644,0.042,0.055995546,0.042172726,0.04195995,0.043663803,0.04243757,Rocky Flats,39.912799,-105.188587
761,2023-06-03 08:00:00+00:00,0.04175374,0.039,0.038275722,0.04172496,0.043256808,0.04338685,0.04213203,Rocky Flats,39.912799,-105.188587
762,2023-06-03 09:00:00+00:00,0.03813296,0.04,0.04031079,0.0477309,0.04433307,0.041573048,0.041702755,Rocky Flats,39.912799,-105.188587
763,2023-06-03 10:00:00+00:00,0.03828007,0.037,0.036499787,0.039152753,0.043864977,0.040525824,0.040240243,Rocky Flats,39.912799,-105.188587
764,2023-06-03 11:00:00+00:00,0.03493304,0.039,0.037170693,0.036558304,0.042135857,0.039997656,0.039832387,Rocky Flats,39.912799,-105.188587
765,2023-06-03 12:00:00+00:00,0.037581578,0.036,0.03373562,0.031845298,0.0415441,0.037761346,0.03885713,Rocky Flats,39.912799,-105.188587
766,2023-06-03 13:00:00+00:00,0.035444006,0.036,0.037644062,0.03237,0.037760656,0.037924934,0.039192248,Rocky Flats,39.912799,-105.188587
767,2023-06-03 14:00:00+00:00,0.036751263,0.042,0.038182773,0.036428455,0.036069304,0.03978993,0.03987627,Rocky Flats,39.912799,-105.188587
768,2023-06-03 15:00:00+00:00,0.043685112,0.046,0.04207674,0.042743567,0.03697681,0.043010436,0.042171028,Rocky Flats,39.912799,-105.188587
769,2023-06-03 16:00:00+00:00,0.04738469,0.051,0.049588878,0.047837608,0.04085569,0.047833115,0.048298255,Rocky Flats,39.912799,-105.188587
770,2023-06-03 17:00:00+00:00,0.052234728,0.052,0.052837685,0.051892705,0.0459205,0.051834136,0.05452425,Rocky Flats,39.912799,-105.188587
771,2023-06-03 18:00:00+00:00,0.0525767,0.053,0.056665618,0.055324916,0.051880646,0.056896184,0.05879303,Rocky Flats,39.912799,-105.188587
772,2023-06-03 19:00:00+00:00,0.053274654,0.056,0.054927472,0.056782138,0.055691082,0.060348965,0.060191352,Rocky Flats,39.912799,-105.188587
773,2023-06-03 20:00:00+00:00,0.056111872,0.056,0.054320443,0.057107136,0.058737352,0.058892146,0.06033327,Rocky Flats,39.912799,-105.188587
774,2023-06-03 21:00:00+00:00,0.054851633,0.055,0.055235047,0.056178376,0.06026245,0.056185655,0.05967932,Rocky Flats,39.912799,-105.188587
775,2023-06-03 22:00:00+00:00,0.053091057,0.05800000000000001,0.053228166,0.054376185,0.05802508,0.056452107,0.05893083,Rocky Flats,39.912799,-105.188587
776,2023-06-03 23:00:00+00:00,0.05678428,0.054,0.051195618,0.052391756,0.055127956,0.055470195,0.057811897,Rocky Flats,39.912799,-105.188587
777,2023-06-04 00:00:00+00:00,0.051283192,0.049,0.053345133,0.050303128,0.05078202,0.054718588,0.05594953,Rocky Flats,39.912799,-105.188587
778,2023-06-04 01:00:00+00:00,0.046382274,0.045,0.04794179,0.047934502,0.046732247,0.053164557,0.052743915,Rocky Flats,39.912799,-105.188587
779,2023-06-04 02:00:00+00:00,0.042979117,0.048,0.044364523,0.04657223,0.042975266,0.04844692,0.049805205,Rocky Flats,39.912799,-105.188587
780,2023-06-04 03:00:00+00:00,0.046564367,0.045,0.04168258,0.044558704,0.039462406,0.043551583,0.046997786,Rocky Flats,39.912799,-105.188587
781,2023-06-04 04:00:00+00:00,0.042235065,0.044,0.044117663,0.041786194,0.03672885,0.038305912,0.042726394,Rocky Flats,39.912799,-105.188587
782,2023-06-04 05:00:00+00:00,0.042115655,0.049,0.04034657,0.039231393,0.03657147,0.03631675,0.03981908,Rocky Flats,39.912799,-105.188587
783,2023-06-04 06:00:00+00:00,0.04844034,0.042,0.040235825,0.036544222,0.036039006,0.03629461,0.03837355,Rocky Flats,39.912799,-105.188587
784,2023-06-04 07:00:00+00:00,0.03981382,0.044,0.04500834,0.033316143,0.03453755,0.03662642,0.03752212,Rocky Flats,39.912799,-105.188587
785,2023-06-04 08:00:00+00:00,0.042860754,0.039,0.036976743,0.032191273,0.034968186,0.03563818,0.036942363,Rocky Flats,39.912799,-105.188587
786,2023-06-04 09:00:00+00:00,0.03744448,0.046,0.04053365,0.0346708,0.037475944,0.03455067,0.036678128,Rocky Flats,39.912799,-105.188587
787,2023-06-04 10:00:00+00:00,0.044882342,0.044,0.034898173,0.030654414,0.03830695,0.033580936,0.036509335,Rocky Flats,39.912799,-105.188587
788,2023-06-04 11:00:00+00:00,0.04182079,0.044,0.04335528,0.03153063,0.039944433,0.030800153,0.03692031,Rocky Flats,39.912799,-105.188587
789,2023-06-04 12:00:00+00:00,0.04172446,0.045,0.03847768,0.02723048,0.040622346,0.029215567,0.037726533,Rocky Flats,39.912799,-105.188587
790,2023-06-04 13:00:00+00:00,0.043258626,0.046,0.04078626,0.032791406,0.037152633,0.030803235,0.037132084,Rocky Flats,39.912799,-105.188587
791,2023-06-04 14:00:00+00:00,0.044854112,0.047,0.044459306,0.034913786,0.03629216,0.034942538,0.037780944,Rocky Flats,39.912799,-105.188587
792,2023-06-04 15:00:00+00:00,0.046054367,0.048,0.047158536,0.038328033,0.03520187,0.04093741,0.03991122,Rocky Flats,39.912799,-105.188587
793,2023-06-04 16:00:00+00:00,0.047609694,0.045,0.048455503,0.042301517,0.039727952,0.04696792,0.041346435,Rocky Flats,39.912799,-105.188587
794,2023-06-04 17:00:00+00:00,0.044210833,0.048,0.04981548,0.04582001,0.04336586,0.051748384,0.043541953,Rocky Flats,39.912799,-105.188587
795,2023-06-04 18:00:00+00:00,0.048413493,0.043,0.04551229,0.046218082,0.0470734,0.05664563,0.04800275,Rocky Flats,39.912799,-105.188587
796,2023-06-04 19:00:00+00:00,0.04176924,0.046,0.050179888,0.04603741,0.050481,0.057476137,0.05133359,Rocky Flats,39.912799,-105.188587
797,2023-06-04 20:00:00+00:00,0.04653778,0.05,0.04239434,0.045815643,0.05214896,0.05516742,0.052880738,Rocky Flats,39.912799,-105.188587
798,2023-06-04 21:00:00+00:00,0.05142586,0.053,0.047486965,0.047424015,0.052407917,0.05193858,0.052516066,Rocky Flats,39.912799,-105.188587
799,2023-06-04 22:00:00+00:00,0.053744487,0.052,0.050023224,0.045061294,0.051299147,0.04895865,0.049329083,Rocky Flats,39.912799,-105.188587
800,2023-06-04 23:00:00+00:00,0.05025711,0.051,0.05095656,0.045640863,0.048714463,0.04683993,0.05070617,Rocky Flats,39.912799,-105.188587
801,2023-06-05 00:00:00+00:00,0.049066626,0.047,0.046202525,0.045454804,0.046214364,0.043946706,0.050548807,Rocky Flats,39.912799,-105.188587
802,2023-06-05 01:00:00+00:00,0.044521622,0.045,0.046175238,0.044024117,0.040302154,0.041376937,0.048661776,Rocky Flats,39.912799,-105.188587
803,2023-06-05 02:00:00+00:00,0.043123405,0.043,0.041679434,0.04152081,0.037194807,0.038482316,0.045057584,Rocky Flats,39.912799,-105.188587
804,2023-06-05 03:00:00+00:00,0.040857777,0.036,0.041146375,0.04076073,0.035644326,0.036120288,0.042272042,Rocky Flats,39.912799,-105.188587
805,2023-06-05 04:00:00+00:00,0.033538133,0.039,0.039519858,0.038664337,0.036291216,0.033711325,0.04038695,Rocky Flats,39.912799,-105.188587
806,2023-06-05 05:00:00+00:00,0.03850987,0.039,0.033261463,0.037199546,0.037643556,0.0316706,0.038983587,Rocky Flats,39.912799,-105.188587
807,2023-06-05 06:00:00+00:00,0.03787692,0.037,0.037440244,0.036233265,0.037070423,0.031014161,0.038133804,Rocky Flats,39.912799,-105.188587
808,2023-06-05 07:00:00+00:00,0.035550386,0.032,0.035534114,0.032304473,0.03672906,0.031409856,0.036931682,Rocky Flats,39.912799,-105.188587
809,2023-06-05 08:00:00+00:00,0.03076527,0.041,0.03371691,0.03088293,0.034482073,0.03236126,0.035983,Rocky Flats,39.912799,-105.188587
810,2023-06-05 09:00:00+00:00,0.040458232,0.025,0.029757358,0.02906177,0.03452407,0.03092038,0.034043524,Rocky Flats,39.912799,-105.188587
811,2023-06-05 10:00:00+00:00,0.023961615,0.024,0.038760737,0.026671695,0.03327495,0.031071046,0.032581322,Rocky Flats,39.912799,-105.188587
812,2023-06-05 11:00:00+00:00,0.023628376,0.025,0.023490697,0.022346608,0.03317956,0.029504962,0.031540655,Rocky Flats,39.912799,-105.188587
813,2023-06-05 12:00:00+00:00,0.025140151,0.028,0.024222398,0.027075341,0.03193604,0.028316336,0.031681493,Rocky Flats,39.912799,-105.188587
814,2023-06-05 13:00:00+00:00,0.028287444,0.024,0.026643947,0.0196063,0.03037759,0.030025007,0.031478252,Rocky Flats,39.912799,-105.188587
815,2023-06-05 14:00:00+00:00,0.025717765,0.033,0.032113913,0.022895906,0.029456938,0.032950066,0.032979835,Rocky Flats,39.912799,-105.188587
816,2023-06-05 15:00:00+00:00,0.03657156,0.041,0.032435168,0.028739493,0.032914232,0.038035534,0.03633775,Rocky Flats,39.912799,-105.188587
817,2023-06-05 16:00:00+00:00,0.043206908,0.049,0.043090757,0.03580246,0.034406733,0.043607544,0.042684164,Rocky Flats,39.912799,-105.188587
818,2023-06-05 17:00:00+00:00,0.05085256,0.055,0.04751776,0.042485118,0.03896917,0.048045162,0.04651154,Rocky Flats,39.912799,-105.188587
819,2023-06-05 18:00:00+00:00,0.05615489,0.06,0.053464334,0.052357435,0.042493857,0.053039208,0.050116524,Rocky Flats,39.912799,-105.188587
820,2023-06-05 19:00:00+00:00,0.061721355,0.067,0.05692846,0.05312617,0.045995824,0.055996582,0.052869104,Rocky Flats,39.912799,-105.188587
821,2023-06-05 20:00:00+00:00,0.06954773,0.067,0.061300162,0.052391663,0.04723796,0.05685651,0.054467972,Rocky Flats,39.912799,-105.188587
822,2023-06-05 21:00:00+00:00,0.06439655,0.066,0.067509755,0.053600922,0.053946763,0.057224877,0.054953363,Rocky Flats,39.912799,-105.188587
823,2023-06-05 22:00:00+00:00,0.06297133,0.065,0.060212888,0.055964608,0.05468437,0.055411294,0.0543878,Rocky Flats,39.912799,-105.188587
824,2023-06-05 23:00:00+00:00,0.06245565,0.051,0.059020806,0.05853092,0.054432288,0.05275743,0.052394707,Rocky Flats,39.912799,-105.188587
825,2023-06-06 00:00:00+00:00,0.047791556,0.048,0.059040103,0.054596737,0.051156558,0.04903432,0.05010014,Rocky Flats,39.912799,-105.188587
826,2023-06-06 01:00:00+00:00,0.04645412,0.052,0.046894144,0.05096222,0.047295455,0.0457376,0.04695576,Rocky Flats,39.912799,-105.188587
827,2023-06-06 02:00:00+00:00,0.05136027,0.044,0.04598953,0.046795845,0.04376221,0.041229747,0.044156145,Rocky Flats,39.912799,-105.188587
828,2023-06-06 03:00:00+00:00,0.040209047,0.046,0.04901611,0.03998177,0.041694947,0.03745216,0.041462284,Rocky Flats,39.912799,-105.188587
829,2023-06-06 04:00:00+00:00,0.044371128,0.048,0.040219847,0.03741806,0.03992073,0.035071004,0.039480347,Rocky Flats,39.912799,-105.188587
830,2023-06-06 05:00:00+00:00,0.046414025,0.054,0.04297172,0.038578067,0.038616985,0.034852073,0.037441578,Rocky Flats,39.912799,-105.188587
831,2023-06-06 06:00:00+00:00,0.05316222,0.055,0.04420315,0.03514856,0.03622853,0.037159193,0.036233768,Rocky Flats,39.912799,-105.188587
832,2023-06-06 07:00:00+00:00,0.053316183,0.055,0.049493756,0.035713237,0.033919062,0.037001636,0.03453726,Rocky Flats,39.912799,-105.188587
833,2023-06-06 08:00:00+00:00,0.053055823,0.046,0.049092975,0.03772023,0.036374584,0.03722465,0.03323395,Rocky Flats,39.912799,-105.188587
834,2023-06-06 09:00:00+00:00,0.043436684,0.039,0.04926873,0.04255095,0.03546783,0.037881788,0.0316088,Rocky Flats,39.912799,-105.188587
835,2023-06-06 10:00:00+00:00,0.037588403,0.042,0.040183853,0.043642458,0.035880882,0.035946876,0.030745631,Rocky Flats,39.912799,-105.188587
836,2023-06-06 11:00:00+00:00,0.04078113,0.046,0.03507992,0.043952353,0.03477481,0.03617032,0.030111589,Rocky Flats,39.912799,-105.188587
837,2023-06-06 12:00:00+00:00,0.04468205,0.039,0.03786123,0.037095174,0.035066687,0.03711936,0.028446153,Rocky Flats,39.912799,-105.188587
838,2023-06-06 13:00:00+00:00,0.037090108,0.035,0.043214273,0.034919966,0.036262512,0.039229773,0.029253026,Rocky Flats,39.912799,-105.188587
839,2023-06-06 14:00:00+00:00,0.035907812,0.036,0.040209677,0.04055823,0.03990442,0.043271527,0.033613674,Rocky Flats,39.912799,-105.188587
840,2023-06-06 15:00:00+00:00,0.039002024,0.04,0.042722136,0.045834657,0.043202274,0.047308795,0.039690685,Rocky Flats,39.912799,-105.188587
841,2023-06-06 16:00:00+00:00,0.04418232,0.045,0.04727219,0.049385365,0.047222022,0.050898615,0.044710234,Rocky Flats,39.912799,-105.188587
842,2023-06-06 17:00:00+00:00,0.049822044,0.052,0.053356294,0.053355858,0.05207285,0.054219835,0.048800815,Rocky Flats,39.912799,-105.188587
843,2023-06-06 18:00:00+00:00,0.05719789,0.06,0.05687726,0.05547509,0.055694204,0.05693736,0.05255527,Rocky Flats,39.912799,-105.188587
844,2023-06-06 19:00:00+00:00,0.06412936,0.068,0.061918877,0.056688678,0.056217283,0.057517726,0.055682734,Rocky Flats,39.912799,-105.188587
845,2023-06-06 20:00:00+00:00,0.07124667,0.075,0.06610398,0.054650642,0.05694835,0.05587721,0.05609228,Rocky Flats,39.912799,-105.188587
846,2023-06-06 21:00:00+00:00,0.07614839,0.074,0.07040332,0.054293152,0.056554053,0.054033868,0.052593216,Rocky Flats,39.912799,-105.188587
847,2023-06-06 22:00:00+00:00,0.069408216,0.068,0.07229977,0.056548733,0.055594124,0.052056212,0.048464026,Rocky Flats,39.912799,-105.188587
848,2023-06-06 23:00:00+00:00,0.06424697,0.06,0.06407624,0.058244012,0.052971855,0.050239544,0.046490204,Rocky Flats,39.912799,-105.188587
849,2023-06-07 00:00:00+00:00,0.056409184,0.055,0.060060456,0.059914783,0.05109157,0.048702396,0.043491524,Rocky Flats,39.912799,-105.188587
850,2023-06-07 01:00:00+00:00,0.052657206,0.049,0.05473461,0.055500053,0.050784584,0.045659468,0.040528968,Rocky Flats,39.912799,-105.188587
851,2023-06-07 02:00:00+00:00,0.046780493,0.053,0.050718162,0.051109683,0.050504915,0.043155596,0.038727004,Rocky Flats,39.912799,-105.188587
852,2023-06-07 03:00:00+00:00,0.051575106,0.047,0.046826363,0.047228143,0.05034673,0.04117154,0.037810773,Rocky Flats,39.912799,-105.188587
853,2023-06-07 04:00:00+00:00,0.044478904,0.048,0.050412983,0.04391405,0.047531012,0.039970454,0.03680881,Rocky Flats,39.912799,-105.188587
854,2023-06-07 05:00:00+00:00,0.047264647,0.046,0.045097794,0.042304877,0.046197582,0.039856292,0.036691885,Rocky Flats,39.912799,-105.188587
855,2023-06-07 06:00:00+00:00,0.045230173,0.044,0.046861958,0.040995512,0.044576623,0.04024313,0.03615884,Rocky Flats,39.912799,-105.188587
856,2023-06-07 07:00:00+00:00,0.04358533,0.046,0.04446101,0.03828193,0.041964345,0.04162812,0.035851985,Rocky Flats,39.912799,-105.188587
857,2023-06-07 08:00:00+00:00,0.045726757,0.051,0.043374747,0.038767394,0.04141626,0.040907938,0.03552185,Rocky Flats,39.912799,-105.188587
858,2023-06-07 09:00:00+00:00,0.050469823,0.054,0.045190115,0.03856115,0.041665796,0.041320987,0.03595091,Rocky Flats,39.912799,-105.188587
859,2023-06-07 10:00:00+00:00,0.052729458,0.043,0.048897322,0.038928233,0.03989449,0.039404925,0.03681688,Rocky Flats,39.912799,-105.188587
860,2023-06-07 11:00:00+00:00,0.039929435,0.039,0.05024898,0.039781317,0.0393035,0.039505456,0.036415387,Rocky Flats,39.912799,-105.188587
861,2023-06-07 12:00:00+00:00,0.03744182,0.039,0.037055902,0.041153565,0.037355617,0.036939576,0.036801573,Rocky Flats,39.912799,-105.188587
862,2023-06-07 13:00:00+00:00,0.03904743,0.041,0.035872396,0.042141356,0.03631416,0.036649637,0.03589457,Rocky Flats,39.912799,-105.188587
863,2023-06-07 14:00:00+00:00,0.042726826,0.048,0.0414155,0.03941694,0.03757207,0.039081324,0.039395414,Rocky Flats,39.912799,-105.188587
864,2023-06-07 15:00:00+00:00,0.051579066,0.051833333333333335,0.048525296,0.04309393,0.042144977,0.044188723,0.043663844,Rocky Flats,39.912799,-105.188587
865,2023-06-07 16:00:00+00:00,0.055912774,0.05566666666666666,0.058194857,0.049164068,0.04802585,0.04959724,0.05147093,Rocky Flats,39.912799,-105.188587
866,2023-06-07 17:00:00+00:00,0.05901563,0.059500000000000004,0.062745914,0.056251884,0.05287381,0.055230275,0.056924783,Rocky Flats,39.912799,-105.188587
867,2023-06-07 18:00:00+00:00,0.062572464,0.06333333333333332,0.06470165,0.06292542,0.05979933,0.06075583,0.06095376,Rocky Flats,39.912799,-105.188587
868,2023-06-07 19:00:00+00:00,0.06553951,0.06716666666666667,0.0672705,0.068116024,0.06467863,0.06570479,0.061986085,Rocky Flats,39.912799,-105.188587
869,2023-06-07 20:00:00+00:00,0.069074966,0.071,0.06836463,0.07127091,0.067583576,0.067883305,0.061644137,Rocky Flats,39.912799,-105.188587
870,2023-06-07 21:00:00+00:00,0.07066879,0.071,0.069674246,0.072150245,0.068952635,0.068821006,0.061135855,Rocky Flats,39.912799,-105.188587
871,2023-06-07 22:00:00+00:00,0.0669252,0.067,0.06782981,0.07073589,0.06873053,0.06980572,0.061266396,Rocky Flats,39.912799,-105.188587
872,2023-06-07 23:00:00+00:00,0.0636286,0.066,0.062063433,0.06879059,0.06706721,0.06992997,0.061515097,Rocky Flats,39.912799,-105.188587
873,2023-06-08 00:00:00+00:00,0.063437946,0.066,0.060226213,0.06373925,0.0646558,0.06851829,0.060558517,Rocky Flats,39.912799,-105.188587
874,2023-06-08 01:00:00+00:00,0.06260401,0.067,0.059367817,0.058160223,0.060979463,0.0649821,0.058835234,Rocky Flats,39.912799,-105.188587
875,2023-06-08 02:00:00+00:00,0.06430585,0.064,0.059689417,0.054159846,0.05857534,0.060544886,0.055705283,Rocky Flats,39.912799,-105.188587
876,2023-06-08 03:00:00+00:00,0.059822407,0.061,0.05883785,0.051667966,0.056119315,0.056475807,0.053903364,Rocky Flats,39.912799,-105.188587
877,2023-06-08 04:00:00+00:00,0.057520844,0.051,0.055476848,0.050721973,0.053375047,0.053374,0.052420482,Rocky Flats,39.912799,-105.188587
878,2023-06-08 05:00:00+00:00,0.047765274,0.055,0.05381397,0.051304787,0.050932776,0.05231517,0.051184144,Rocky Flats,39.912799,-105.188587
879,2023-06-08 06:00:00+00:00,0.053952057,0.049,0.046698194,0.049505055,0.04842147,0.051582646,0.04912498,Rocky Flats,39.912799,-105.188587
880,2023-06-08 07:00:00+00:00,0.047265828,0.049,0.052349392,0.047581572,0.047582,0.048954386,0.046015725,Rocky Flats,39.912799,-105.188587
881,2023-06-08 08:00:00+00:00,0.04799018,0.05,0.04576499,0.039695323,0.04695154,0.04609633,0.046123046,Rocky Flats,39.912799,-105.188587
882,2023-06-08 09:00:00+00:00,0.049050964,0.05,0.04733368,0.043951914,0.045842193,0.04328665,0.04456489,Rocky Flats,39.912799,-105.188587
883,2023-06-08 10:00:00+00:00,0.048623,0.053,0.047611933,0.039768014,0.044719826,0.041569587,0.045133453,Rocky Flats,39.912799,-105.188587
884,2023-06-08 11:00:00+00:00,0.051472176,0.05,0.045885444,0.039730158,0.041106362,0.041022755,0.0441777,Rocky Flats,39.912799,-105.188587
885,2023-06-08 12:00:00+00:00,0.047306146,0.043,0.046843935,0.03847583,0.039444342,0.040100206,0.043199472,Rocky Flats,39.912799,-105.188587
886,2023-06-08 13:00:00+00:00,0.041186303,0.039,0.04419843,0.03802962,0.03828222,0.040202394,0.041402057,Rocky Flats,39.912799,-105.188587
887,2023-06-08 14:00:00+00:00,0.040031753,0.046,0.043664407,0.042117663,0.040960144,0.04148589,0.042029057,Rocky Flats,39.912799,-105.188587
888,2023-06-08 15:00:00+00:00,0.049175296,0.052,0.04675478,0.044894543,0.04574091,0.043735486,0.046238113,Rocky Flats,39.912799,-105.188587
889,2023-06-08 16:00:00+00:00,0.056158416,0.062000000000000006,0.05616482,0.048812255,0.050393373,0.047571473,0.053040043,Rocky Flats,39.912799,-105.188587
890,2023-06-08 17:00:00+00:00,0.06729551,0.066,0.06266899,0.05426328,0.05456044,0.053792886,0.058901615,Rocky Flats,39.912799,-105.188587
891,2023-06-08 18:00:00+00:00,0.068408795,0.071,0.07093053,0.059332736,0.056867212,0.061713155,0.06284061,Rocky Flats,39.912799,-105.188587
892,2023-06-08 19:00:00+00:00,0.07296945,0.075,0.06864354,0.06443744,0.05832884,0.06729338,0.063053004,Rocky Flats,39.912799,-105.188587
893,2023-06-08 20:00:00+00:00,0.075062625,0.077,0.071889766,0.0691418,0.058953874,0.068987146,0.061700318,Rocky Flats,39.912799,-105.188587
894,2023-06-08 21:00:00+00:00,0.07574274,0.073,0.07251149,0.069136836,0.059790023,0.06791955,0.061172217,Rocky Flats,39.912799,-105.188587
895,2023-06-08 22:00:00+00:00,0.06977065,0.069,0.07203466,0.06824541,0.060062516,0.06595976,0.059551377,Rocky Flats,39.912799,-105.188587
896,2023-06-08 23:00:00+00:00,0.066464856,0.062000000000000006,0.06541558,0.065598674,0.06066105,0.06419493,0.05841447,Rocky Flats,39.912799,-105.188587
897,2023-06-09 00:00:00+00:00,0.058795746,0.05800000000000001,0.06292813,0.06321429,0.05870859,0.061089978,0.056385443,Rocky Flats,39.912799,-105.188587
898,2023-06-09 01:00:00+00:00,0.055294756,0.05800000000000001,0.056453772,0.058077727,0.057142384,0.05758729,0.053859286,Rocky Flats,39.912799,-105.188587
899,2023-06-09 02:00:00+00:00,0.056018014,0.067,0.05393799,0.054473266,0.055135883,0.055127654,0.05207586,Rocky Flats,39.912799,-105.188587
900,2023-06-09 03:00:00+00:00,0.06579039,0.064,0.05395948,0.050626267,0.053418584,0.05233559,0.050387576,Rocky Flats,39.912799,-105.188587
901,2023-06-09 04:00:00+00:00,0.05994305,0.069,0.06108618,0.04909711,0.05008941,0.049585648,0.049498122,Rocky Flats,39.912799,-105.188587
902,2023-06-09 05:00:00+00:00,0.06753247,0.064,0.05672366,0.047602538,0.047933634,0.04805404,0.048481822,Rocky Flats,39.912799,-105.188587
903,2023-06-09 06:00:00+00:00,0.06061239,0.054,0.062956914,0.049146,0.046184838,0.04702269,0.048223857,Rocky Flats,39.912799,-105.188587
904,2023-06-09 07:00:00+00:00,0.052042626,0.052,0.05762142,0.049178783,0.045239355,0.04676512,0.04649519,Rocky Flats,39.912799,-105.188587
905,2023-06-09 08:00:00+00:00,0.05096179,0.056,0.05017042,0.05166087,0.04483914,0.045740683,0.04533117,Rocky Flats,39.912799,-105.188587
906,2023-06-09 09:00:00+00:00,0.055457283,0.056999999999999995,0.049190305,0.04999107,0.04469015,0.045990627,0.043248307,Rocky Flats,39.912799,-105.188587
907,2023-06-09 10:00:00+00:00,0.055725157,0.06,0.05342231,0.04589543,0.043713816,0.04394257,0.04239159,Rocky Flats,39.912799,-105.188587
908,2023-06-09 11:00:00+00:00,0.057780676,0.054,0.052466657,0.041572127,0.042558752,0.042685106,0.04158758,Rocky Flats,39.912799,-105.188587
909,2023-06-09 12:00:00+00:00,0.050320946,0.053,0.052986335,0.04237144,0.0392989,0.040373344,0.040573314,Rocky Flats,39.912799,-105.188587
910,2023-06-09 13:00:00+00:00,0.050166447,0.056,0.04634681,0.042276274,0.037664134,0.040260095,0.03869106,Rocky Flats,39.912799,-105.188587
911,2023-06-09 14:00:00+00:00,0.05536135,0.042,0.04877158,0.044631395,0.036822386,0.042938314,0.038411587,Rocky Flats,39.912799,-105.188587
912,2023-06-09 15:00:00+00:00,0.04249919,0.045,0.055928852,0.046950113,0.041406058,0.04595623,0.041884746,Rocky Flats,39.912799,-105.188587
913,2023-06-09 16:00:00+00:00,0.05066628,0.053,0.05047607,0.05255984,0.046300545,0.050850514,0.049570955,Rocky Flats,39.912799,-105.188587
914,2023-06-09 17:00:00+00:00,0.059330773,0.05800000000000001,0.060599945,0.05867264,0.050906144,0.05524798,0.057260312,Rocky Flats,39.912799,-105.188587
915,2023-06-09 18:00:00+00:00,0.061743252,0.068,0.06864736,0.060903974,0.054190632,0.059639215,0.061307386,Rocky Flats,39.912799,-105.188587
916,2023-06-09 19:00:00+00:00,0.07278921,0.071,0.06748061,0.06497661,0.05732307,0.06387826,0.060583264,Rocky Flats,39.912799,-105.188587
917,2023-06-09 20:00:00+00:00,0.07086124,0.064,0.07576224,0.067333914,0.06033911,0.06603214,0.05929072,Rocky Flats,39.912799,-105.188587
918,2023-06-09 21:00:00+00:00,0.059934806,0.065,0.069222026,0.06862087,0.059678044,0.066017054,0.0572038,Rocky Flats,39.912799,-105.188587
919,2023-06-09 22:00:00+00:00,0.06342234,0.064,0.056930505,0.07390246,0.061790723,0.064617835,0.054794453,Rocky Flats,39.912799,-105.188587
920,2023-06-09 23:00:00+00:00,0.062023476,0.06,0.0612734,0.066473626,0.06169628,0.06265149,0.053466927,Rocky Flats,39.912799,-105.188587
921,2023-06-10 00:00:00+00:00,0.05772808,0.05800000000000001,0.0589188,0.056275904,0.05940506,0.060372625,0.052659452,Rocky Flats,39.912799,-105.188587
922,2023-06-10 01:00:00+00:00,0.056155987,0.056,0.054949593,0.054703742,0.05808969,0.05634183,0.051961567,Rocky Flats,39.912799,-105.188587
923,2023-06-10 02:00:00+00:00,0.054185454,0.056,0.05320603,0.051393908,0.054730084,0.054580215,0.05161979,Rocky Flats,39.912799,-105.188587
924,2023-06-10 03:00:00+00:00,0.05349809,0.05,0.051446337,0.04881176,0.04857087,0.053552214,0.051225655,Rocky Flats,39.912799,-105.188587
925,2023-06-10 04:00:00+00:00,0.047521837,0.051,0.051686272,0.048847165,0.04768136,0.0542579,0.05267253,Rocky Flats,39.912799,-105.188587
926,2023-06-10 05:00:00+00:00,0.05050123,0.051,0.047254983,0.047299594,0.04665314,0.05480342,0.053498276,Rocky Flats,39.912799,-105.188587
927,2023-06-10 06:00:00+00:00,0.050544288,0.049,0.050251815,0.045898344,0.04512549,0.054580923,0.05062946,Rocky Flats,39.912799,-105.188587
928,2023-06-10 07:00:00+00:00,0.048617754,0.047,0.0494869,0.04401367,0.044250794,0.051959828,0.049967736,Rocky Flats,39.912799,-105.188587
929,2023-06-10 08:00:00+00:00,0.04691316,0.05,0.04899871,0.046009604,0.042960554,0.050851002,0.04892314,Rocky Flats,39.912799,-105.188587
930,2023-06-10 09:00:00+00:00,0.049825884,0.046,0.046483155,0.045619383,0.042493876,0.050095506,0.04725597,Rocky Flats,39.912799,-105.188587
931,2023-06-10 10:00:00+00:00,0.045068976,0.043,0.049086586,0.04562049,0.041621175,0.047874246,0.048073594,Rocky Flats,39.912799,-105.188587
932,2023-06-10 11:00:00+00:00,0.041492578,0.044,0.043582834,0.042677213,0.04113502,0.044755343,0.046767347,Rocky Flats,39.912799,-105.188587
933,2023-06-10 12:00:00+00:00,0.04215546,0.045,0.040707458,0.041213933,0.03842921,0.04222613,0.043549668,Rocky Flats,39.912799,-105.188587
934,2023-06-10 13:00:00+00:00,0.043955047,0.045,0.043255236,0.039354157,0.0377207,0.041116595,0.04385619,Rocky Flats,39.912799,-105.188587
935,2023-06-10 14:00:00+00:00,0.045735527,0.055,0.047161844,0.041351747,0.038701218,0.042307947,0.046579905,Rocky Flats,39.912799,-105.188587
936,2023-06-10 15:00:00+00:00,0.058404088,0.052,0.05043113,0.045826215,0.042811606,0.045604624,0.04953011,Rocky Flats,39.912799,-105.188587
937,2023-06-10 16:00:00+00:00,0.054232214,0.059000000000000004,0.064070985,0.05126507,0.046728723,0.048364017,0.053147238,Rocky Flats,39.912799,-105.188587
938,2023-06-10 17:00:00+00:00,0.06419537,0.062000000000000006,0.060299106,0.056723785,0.05084387,0.052002236,0.056164864,Rocky Flats,39.912799,-105.188587
939,2023-06-10 18:00:00+00:00,0.06466359,0.06195378151260504,0.068893485,0.06488938,0.055820458,0.055639025,0.058161806,Rocky Flats,39.912799,-105.188587
940,2023-06-10 19:00:00+00:00,0.062144816,0.06190756302521008,0.067042515,0.06814755,0.060730886,0.05881145,0.058543243,Rocky Flats,39.912799,-105.188587
941,2023-06-10 20:00:00+00:00,0.060764898,0.06186134453781512,0.06262795,0.07214108,0.06328718,0.059870705,0.059750848,Rocky Flats,39.912799,-105.188587
942,2023-06-10 21:00:00+00:00,0.060489923,0.06181512605042017,0.059572205,0.071513206,0.065952756,0.060314786,0.060897045,Rocky Flats,39.912799,-105.188587
943,2023-06-10 22:00:00+00:00,0.060025115,0.06176890756302521,0.05876596,0.0661499,0.06440276,0.061261445,0.061051004,Rocky Flats,39.912799,-105.188587
944,2023-06-10 23:00:00+00:00,0.05983635,0.06172268907563025,0.058565803,0.05857671,0.06428126,0.06193923,0.06084516,Rocky Flats,39.912799,-105.188587
945,2023-06-11 00:00:00+00:00,0.059065692,0.06167647058823529,0.057930246,0.054853085,0.06100491,0.061382353,0.06063585,Rocky Flats,39.912799,-105.188587
946,2023-06-11 01:00:00+00:00,0.05871786,0.06163025210084034,0.05625516,0.053238258,0.056537043,0.05886426,0.059763487,Rocky Flats,39.912799,-105.188587
947,2023-06-11 02:00:00+00:00,0.05841441,0.061584033613445374,0.055969346,0.050518543,0.05252278,0.055883676,0.057735708,Rocky Flats,39.912799,-105.188587
948,2023-06-11 03:00:00+00:00,0.05838766,0.06153781512605043,0.05553255,0.0492516,0.05040203,0.0545398,0.055413026,Rocky Flats,39.912799,-105.188587
949,2023-06-11 04:00:00+00:00,0.059210088,0.061491596638655464,0.05545418,0.04922201,0.04864155,0.052407186,0.053681817,Rocky Flats,39.912799,-105.188587
950,2023-06-11 05:00:00+00:00,0.05973548,0.061445378151260506,0.05530937,0.04743782,0.046787802,0.049751945,0.05218418,Rocky Flats,39.912799,-105.188587
951,2023-06-11 06:00:00+00:00,0.059730466,0.06139915966386555,0.055230223,0.046483375,0.04549731,0.046551242,0.053421304,Rocky Flats,39.912799,-105.188587
952,2023-06-11 07:00:00+00:00,0.05982187,0.061352941176470596,0.055934045,0.046786763,0.044561185,0.044898048,0.051429972,Rocky Flats,39.912799,-105.188587
953,2023-06-11 08:00:00+00:00,0.05933797,0.06130672268907563,0.056173943,0.047778282,0.04452496,0.04384341,0.049992796,Rocky Flats,39.912799,-105.188587
954,2023-06-11 09:00:00+00:00,0.0591985,0.06126050420168067,0.05656103,0.048958126,0.044437915,0.042185396,0.046703525,Rocky Flats,39.912799,-105.188587
955,2023-06-11 10:00:00+00:00,0.058822844,0.061214285714285714,0.05644672,0.04913247,0.043324713,0.04249797,0.04557126,Rocky Flats,39.912799,-105.188587
956,2023-06-11 11:00:00+00:00,0.058227517,0.06116806722689075,0.054867208,0.048455324,0.041608855,0.040926233,0.043815188,Rocky Flats,39.912799,-105.188587
957,2023-06-11 12:00:00+00:00,0.057879057,0.061121848739495804,0.054505147,0.047124643,0.03903802,0.039718125,0.041017585,Rocky Flats,39.912799,-105.188587
958,2023-06-11 13:00:00+00:00,0.058012545,0.06107563025210084,0.05610977,0.047868412,0.03843124,0.039799813,0.038862556,Rocky Flats,39.912799,-105.188587
959,2023-06-11 14:00:00+00:00,0.05886949,0.06102941176470588,0.059200075,0.051325925,0.043037333,0.042149354,0.042050038,Rocky Flats,39.912799,-105.188587
960,2023-06-11 15:00:00+00:00,0.060565386,0.060983193277310915,0.06180067,0.05483607,0.049052253,0.04754576,0.048451446,Rocky Flats,39.912799,-105.188587
961,2023-06-11 16:00:00+00:00,0.059667643,0.06093697478991597,0.0653567,0.058261283,0.055121373,0.055882122,0.054995887,Rocky Flats,39.912799,-105.188587
962,2023-06-11 17:00:00+00:00,0.059576113,0.060890756302521006,0.06322043,0.06190242,0.061184365,0.06430221,0.060973626,Rocky Flats,39.912799,-105.188587
963,2023-06-21 15:00:00+00:00,0.049969997,0.04733333333333333,0.061206568,0.06549129,0.06583381,0.06926724,0.06638469,Rocky Flats,39.912799,-105.188587
964,2023-06-21 16:00:00+00:00,0.052114397,0.048,0.059511606,0.06380046,0.06774673,0.07085625,0.06906217,Rocky Flats,39.912799,-105.188587
965,2023-06-21 17:00:00+00:00,0.051428083,0.055,0.06252072,0.06181486,0.06788816,0.070522405,0.06865595,Rocky Flats,39.912799,-105.188587
966,2023-06-21 18:00:00+00:00,0.058066152,0.056,0.058445472,0.070890285,0.06779379,0.06921811,0.06658176,Rocky Flats,39.912799,-105.188587
967,2023-06-21 19:00:00+00:00,0.05669313,0.061,0.062286142,0.073642455,0.06517822,0.06867025,0.06375294,Rocky Flats,39.912799,-105.188587
968,2023-06-21 20:00:00+00:00,0.06279806,0.064,0.05718093,0.06506464,0.062612906,0.067627795,0.062105857,Rocky Flats,39.912799,-105.188587
969,2023-06-21 21:00:00+00:00,0.0648166,0.066,0.06388284,0.061910685,0.07021194,0.06607927,0.060980197,Rocky Flats,39.912799,-105.188587
970,2023-06-21 22:00:00+00:00,0.065820366,0.067,0.06416099,0.061308254,0.06543136,0.06362383,0.059861407,Rocky Flats,39.912799,-105.188587
971,2023-06-21 23:00:00+00:00,0.06532652,0.066,0.06466687,0.0619366,0.05708026,0.060021315,0.058408547,Rocky Flats,39.912799,-105.188587
972,2023-06-22 00:00:00+00:00,0.061762992,0.059000000000000004,0.062274117,0.062152706,0.05337481,0.057148892,0.05746968,Rocky Flats,39.912799,-105.188587
973,2023-06-22 01:00:00+00:00,0.05498517,0.056999999999999995,0.057087824,0.060857095,0.052197333,0.06807236,0.05556421,Rocky Flats,39.912799,-105.188587
974,2023-06-22 02:00:00+00:00,0.05444408,0.049,0.053217813,0.05816242,0.050981455,0.06325552,0.053615,Rocky Flats,39.912799,-105.188587
975,2023-06-22 03:00:00+00:00,0.0462411,0.044,0.05269963,0.054042585,0.049251217,0.05653243,0.051050257,Rocky Flats,39.912799,-105.188587
976,2023-06-22 04:00:00+00:00,0.041680813,0.04,0.045181215,0.052041024,0.04803979,0.050751958,0.046348263,Rocky Flats,39.912799,-105.188587
977,2023-06-22 05:00:00+00:00,0.03862631,0.043,0.041025072,0.050776746,0.047282718,0.0506541,0.044188503,Rocky Flats,39.912799,-105.188587
978,2023-06-22 06:00:00+00:00,0.04205255,0.047,0.039765086,0.04503746,0.046934076,0.048986055,0.053955164,Rocky Flats,39.912799,-105.188587
979,2023-06-22 07:00:00+00:00,0.04534706,0.045,0.042833038,0.040607084,0.043283533,0.047275186,0.053573377,Rocky Flats,39.912799,-105.188587
980,2023-06-22 08:00:00+00:00,0.042664107,0.048,0.044243217,0.03563012,0.043306395,0.04463585,0.05088395,Rocky Flats,39.912799,-105.188587
981,2023-06-22 09:00:00+00:00,0.045763433,0.042,0.042201936,0.034889076,0.039212774,0.041612297,0.045810632,Rocky Flats,39.912799,-105.188587
982,2023-06-22 10:00:00+00:00,0.03867277,0.045,0.044470616,0.03539831,0.038346376,0.04022551,0.043376613,Rocky Flats,39.912799,-105.188587
983,2023-06-22 11:00:00+00:00,0.042544942,0.041,0.03634987,0.034180272,0.034168933,0.04121822,0.04148061,Rocky Flats,39.912799,-105.188587
984,2023-06-22 12:00:00+00:00,0.03833506,0.04,0.040352605,0.036008634,0.031888332,0.04017564,0.03958664,Rocky Flats,39.912799,-105.188587
985,2023-06-22 13:00:00+00:00,0.0386701,0.04,0.037658468,0.035684124,0.032573704,0.03847851,0.038812947,Rocky Flats,39.912799,-105.188587
986,2023-06-22 14:00:00+00:00,0.040851112,0.037,0.042189617,0.040008206,0.035356212,0.04155049,0.038135614,Rocky Flats,39.912799,-105.188587
987,2023-06-22 15:00:00+00:00,0.039206717,0.046,0.04718909,0.042912822,0.04087411,0.046038795,0.038527094,Rocky Flats,39.912799,-105.188587
988,2023-06-22 16:00:00+00:00,0.051581275,0.05,0.048526905,0.049047265,0.044940427,0.05067442,0.042790614,Rocky Flats,39.912799,-105.188587
989,2023-06-22 17:00:00+00:00,0.054053422,0.056999999999999995,0.058806773,0.054965958,0.050736804,0.054894384,0.046609167,Rocky Flats,39.912799,-105.188587
990,2023-06-22 18:00:00+00:00,0.06099179,0.061,0.060383465,0.055875085,0.05404288,0.056703243,0.045354072,Rocky Flats,39.912799,-105.188587
991,2023-06-22 19:00:00+00:00,0.0633789,0.05800000000000001,0.06581832,0.05739775,0.056571517,0.057012327,0.04579994,Rocky Flats,39.912799,-105.188587
992,2023-06-22 20:00:00+00:00,0.057440717,0.049,0.06662747,0.055711348,0.057939865,0.055916622,0.044619773,Rocky Flats,39.912799,-105.188587
993,2023-06-22 21:00:00+00:00,0.045568105,0.046,0.05869433,0.055656932,0.056536175,0.05413582,0.044599075,Rocky Flats,39.912799,-105.188587
994,2023-06-22 22:00:00+00:00,0.044208243,0.044,0.045206722,0.058422662,0.055499054,0.053191565,0.04517671,Rocky Flats,39.912799,-105.188587
995,2023-06-22 23:00:00+00:00,0.04304692,0.047,0.043494627,0.05617433,0.051539455,0.051519837,0.044107623,Rocky Flats,39.912799,-105.188587
996,2023-06-23 00:00:00+00:00,0.047133703,0.045,0.042047337,0.044148166,0.05049807,0.049553145,0.042216353,Rocky Flats,39.912799,-105.188587
997,2023-06-23 01:00:00+00:00,0.043710656,0.041,0.047049034,0.039045237,0.04951406,0.046758384,0.03925463,Rocky Flats,39.912799,-105.188587
998,2023-06-23 02:00:00+00:00,0.038785674,0.038,0.04256182,0.0346709,0.047965825,0.044691347,0.036957562,Rocky Flats,39.912799,-105.188587
999,2023-06-23 03:00:00+00:00,0.036324147,0.04,0.039532833,0.033311445,0.038654767,0.04311662,0.03524324,Rocky Flats,39.912799,-105.188587
1000,2023-06-23 04:00:00+00:00,0.039291788,0.038,0.037256528,0.03347333,0.03481134,0.04358074,0.034790102,Rocky Flats,39.912799,-105.188587
1001,2023-06-23 05:00:00+00:00,0.036583837,0.034,0.03946759,0.03307278,0.03393708,0.04553386,0.035338458,Rocky Flats,39.912799,-105.188587
1002,2023-06-23 06:00:00+00:00,0.0328758,0.033,0.036251538,0.03239838,0.035986446,0.046800293,0.036324356,Rocky Flats,39.912799,-105.188587
1003,2023-06-23 07:00:00+00:00,0.03271101,0.032,0.033194475,0.03507288,0.03300734,0.03769034,0.03740284,Rocky Flats,39.912799,-105.188587
1004,2023-06-23 08:00:00+00:00,0.03140834,0.033,0.032505263,0.03311612,0.03052562,0.03269053,0.03722576,Rocky Flats,39.912799,-105.188587
1005,2023-06-23 09:00:00+00:00,0.032108795,0.03,0.030866284,0.02870998,0.027713737,0.030091368,0.036571465,Rocky Flats,39.912799,-105.188587
1006,2023-06-23 10:00:00+00:00,0.028783724,0.03,0.03146292,0.02495087,0.026046766,0.029791176,0.035724875,Rocky Flats,39.912799,-105.188587
1007,2023-06-23 11:00:00+00:00,0.029052261,0.025,0.028019274,0.02161737,0.023720425,0.029702364,0.033755552,Rocky Flats,39.912799,-105.188587
1008,2023-06-23 12:00:00+00:00,0.025075288,0.023,0.029318139,0.021257626,0.023695886,0.028710708,0.026265347,Rocky Flats,39.912799,-105.188587
1009,2023-06-23 13:00:00+00:00,0.024591923,0.023,0.028323807,0.022642776,0.025279751,0.030945456,0.025366036,Rocky Flats,39.912799,-105.188587
1010,2023-06-23 14:00:00+00:00,0.026171295,0.031000000000000003,0.03120468,0.027518444,0.02845598,0.036485683,0.02664328,Rocky Flats,39.912799,-105.188587
1011,2023-06-23 15:00:00+00:00,0.03602276,0.038,0.03440175,0.032948706,0.0330247,0.04140596,0.03055562,Rocky Flats,39.912799,-105.188587
1012,2023-06-23 16:00:00+00:00,0.04295678,0.042,0.04568594,0.039536245,0.037148714,0.046468176,0.03944748,Rocky Flats,39.912799,-105.188587
1013,2023-06-23 17:00:00+00:00,0.04686511,0.046,0.051588293,0.04481398,0.0424204,0.05002382,0.046853192,Rocky Flats,39.912799,-105.188587
1014,2023-06-23 18:00:00+00:00,0.049527265,0.051,0.053521752,0.05219623,0.04613789,0.05325966,0.051681694,Rocky Flats,39.912799,-105.188587
1015,2023-06-23 19:00:00+00:00,0.055004157,0.056999999999999995,0.053825244,0.056471787,0.049278945,0.05507097,0.05460073,Rocky Flats,39.912799,-105.188587
1016,2023-06-23 20:00:00+00:00,0.06074652,0.061,0.057803713,0.060339868,0.050831698,0.053998906,0.056339476,Rocky Flats,39.912799,-105.188587
1017,2023-06-23 21:00:00+00:00,0.062599614,0.065,0.06319786,0.058414355,0.055499557,0.051924635,0.0576369,Rocky Flats,39.912799,-105.188587
1018,2023-06-23 22:00:00+00:00,0.06590919,0.065,0.06261539,0.05796358,0.056087807,0.05066257,0.058337912,Rocky Flats,39.912799,-105.188587
1019,2023-06-23 23:00:00+00:00,0.0634777,0.064,0.064610295,0.052546743,0.0570268,0.04917839,0.05891188,Rocky Flats,39.912799,-105.188587
1020,2023-06-24 00:00:00+00:00,0.060490206,0.064,0.060397584,0.05105531,0.05417364,0.047497697,0.057694986,Rocky Flats,39.912799,-105.188587
1021,2023-06-24 01:00:00+00:00,0.059898183,0.05800000000000001,0.05589905,0.04895361,0.052746646,0.045713145,0.053128228,Rocky Flats,39.912799,-105.188587
1022,2023-06-24 02:00:00+00:00,0.054117046,0.051,0.055774104,0.046330586,0.048746236,0.041048523,0.04793903,Rocky Flats,39.912799,-105.188587
1023,2023-06-24 03:00:00+00:00,0.04730886,0.061,0.05144684,0.044647787,0.046488136,0.039099175,0.044146657,Rocky Flats,39.912799,-105.188587
1024,2023-06-24 04:00:00+00:00,0.05936536,0.064,0.046789113,0.045784008,0.04417969,0.03792251,0.04090374,Rocky Flats,39.912799,-105.188587
1025,2023-06-24 05:00:00+00:00,0.06222474,0.064,0.05713183,0.0439288,0.042153306,0.038750507,0.03829487,Rocky Flats,39.912799,-105.188587
1026,2023-06-24 06:00:00+00:00,0.06285972,0.065,0.05872822,0.041049886,0.038818065,0.0382674,0.037279192,Rocky Flats,39.912799,-105.188587
1027,2023-06-24 07:00:00+00:00,0.06377076,0.064,0.060011216,0.04793118,0.037447043,0.03661462,0.036046665,Rocky Flats,39.912799,-105.188587
1028,2023-06-24 08:00:00+00:00,0.06312733,0.065,0.060305133,0.05186828,0.037937384,0.03767547,0.03438654,Rocky Flats,39.912799,-105.188587
1029,2023-06-24 09:00:00+00:00,0.06432111,0.065,0.06088775,0.05438593,0.035784792,0.038637973,0.03300106,Rocky Flats,39.912799,-105.188587
1030,2023-06-24 10:00:00+00:00,0.0635642,0.065,0.06191467,0.056825336,0.043391176,0.035826433,0.03248846,Rocky Flats,39.912799,-105.188587
1031,2023-06-24 11:00:00+00:00,0.06276312,0.067,0.06178116,0.057889085,0.04537069,0.036690436,0.031859018,Rocky Flats,39.912799,-105.188587
1032,2023-06-24 12:00:00+00:00,0.06431427,0.065,0.06176203,0.056960423,0.046091188,0.036430802,0.032220278,Rocky Flats,39.912799,-105.188587
1033,2023-06-24 13:00:00+00:00,0.061563306,0.063,0.06304375,0.056378353,0.046487674,0.03706311,0.03222415,Rocky Flats,39.912799,-105.188587
1034,2023-06-24 14:00:00+00:00,0.061027426,0.064,0.060219523,0.057142366,0.047578834,0.043251634,0.037643354,Rocky Flats,39.912799,-105.188587
1035,2023-06-24 15:00:00+00:00,0.06411823,0.063,0.060701486,0.059121843,0.049131297,0.0481184,0.044377957,Rocky Flats,39.912799,-105.188587
1036,2023-06-24 16:00:00+00:00,0.06357784,0.063,0.06469213,0.060615115,0.052608237,0.052609727,0.05183619,Rocky Flats,39.912799,-105.188587
1037,2023-06-24 17:00:00+00:00,0.06453253,0.063,0.0658518,0.06308394,0.05852543,0.05858038,0.05758148,Rocky Flats,39.912799,-105.188587
1038,2023-06-24 18:00:00+00:00,0.06362561,0.062000000000000006,0.068094015,0.06715877,0.064979784,0.06307866,0.06214383,Rocky Flats,39.912799,-105.188587
1039,2023-06-24 19:00:00+00:00,0.06285813,0.063,0.061545376,0.068420075,0.068601415,0.062412858,0.062046416,Rocky Flats,39.912799,-105.188587
1040,2023-06-24 20:00:00+00:00,0.06433544,0.062000000000000006,0.059526563,0.069970004,0.07133594,0.061531685,0.05660778,Rocky Flats,39.912799,-105.188587
1041,2023-06-24 21:00:00+00:00,0.06288739,0.063,0.059506457,0.06348645,0.07407713,0.060975935,0.050847128,Rocky Flats,39.912799,-105.188587
1042,2023-06-24 22:00:00+00:00,0.06403695,0.065,0.059606254,0.062117793,0.07393862,0.0616813,0.05100405,Rocky Flats,39.912799,-105.188587
1043,2023-06-24 23:00:00+00:00,0.065578714,0.065,0.0617738,0.062130224,0.0751625,0.06255611,0.050965652,Rocky Flats,39.912799,-105.188587
1044,2023-06-25 00:00:00+00:00,0.06417091,0.067,0.06413435,0.061910078,0.070557915,0.062196713,0.05220304,Rocky Flats,39.912799,-105.188587
1045,2023-06-25 01:00:00+00:00,0.06593867,0.061,0.06269158,0.0625347,0.06695347,0.061404906,0.052399125,Rocky Flats,39.912799,-105.188587
1046,2023-06-25 02:00:00+00:00,0.058882453,0.059000000000000004,0.06332274,0.062640406,0.06234744,0.060130082,0.05133565,Rocky Flats,39.912799,-105.188587
1047,2023-06-25 03:00:00+00:00,0.057586487,0.047,0.05830617,0.060434483,0.058103494,0.05834318,0.050432153,Rocky Flats,39.912799,-105.188587
1048,2023-06-25 04:00:00+00:00,0.046430573,0.043,0.05932399,0.062051076,0.054765407,0.05739181,0.04869265,Rocky Flats,39.912799,-105.188587
1049,2023-06-25 05:00:00+00:00,0.043766126,0.042,0.050859474,0.05583415,0.05248525,0.055227228,0.046388663,Rocky Flats,39.912799,-105.188587
1050,2023-06-25 06:00:00+00:00,0.043467276,0.04,0.048247065,0.05542958,0.050396644,0.053220537,0.045417782,Rocky Flats,39.912799,-105.188587
1051,2023-06-25 07:00:00+00:00,0.040348742,0.038,0.046840187,0.04726865,0.0513068,0.05175675,0.04642052,Rocky Flats,39.912799,-105.188587
1052,2023-06-25 08:00:00+00:00,0.037947923,0.039,0.043274954,0.044527836,0.049077235,0.050639085,0.04907356,Rocky Flats,39.912799,-105.188587
1053,2023-06-25 09:00:00+00:00,0.038396128,0.039,0.041090127,0.045005236,0.047320448,0.04907877,0.048741415,Rocky Flats,39.912799,-105.188587
1054,2023-06-25 10:00:00+00:00,0.037603352,0.039,0.04106504,0.041763928,0.04272047,0.047513187,0.049275465,Rocky Flats,39.912799,-105.188587
1055,2023-06-25 11:00:00+00:00,0.03740873,0.038,0.039692704,0.040535513,0.038420867,0.046178587,0.050037373,Rocky Flats,39.912799,-105.188587
1056,2023-06-25 12:00:00+00:00,0.036489442,0.035,0.039195992,0.037748046,0.035705622,0.04502067,0.04915889,Rocky Flats,39.912799,-105.188587
1057,2023-06-25 13:00:00+00:00,0.034835912,0.032,0.03964008,0.03568993,0.034074828,0.044982266,0.048101574,Rocky Flats,39.912799,-105.188587
1058,2023-06-25 14:00:00+00:00,0.034431595,0.034,0.040839724,0.038000036,0.03621497,0.044217683,0.047960185,Rocky Flats,39.912799,-105.188587
1059,2023-06-25 15:00:00+00:00,0.03823602,0.039,0.044389367,0.041143797,0.038976327,0.040620837,0.050693106,Rocky Flats,39.912799,-105.188587
1060,2023-06-25 16:00:00+00:00,0.04425206,0.047,0.050177157,0.04250733,0.040522974,0.04027969,0.052808758,Rocky Flats,39.912799,-105.188587
1061,2023-06-25 17:00:00+00:00,0.053314067,0.052,0.055736806,0.044355657,0.042643543,0.037345994,0.055344854,Rocky Flats,39.912799,-105.188587
1062,2023-06-25 18:00:00+00:00,0.056140907,0.056,0.062327016,0.04916619,0.04355418,0.03799078,0.058537435,Rocky Flats,39.912799,-105.188587
1063,2023-06-25 19:00:00+00:00,0.058966316,0.05800000000000001,0.061722983,0.054239523,0.04567107,0.042632405,0.061654698,Rocky Flats,39.912799,-105.188587
1064,2023-06-25 20:00:00+00:00,0.059645187,0.05800000000000001,0.062310707,0.058670416,0.048994064,0.04632,0.063019805,Rocky Flats,39.912799,-105.188587
1065,2023-06-25 21:00:00+00:00,0.05841668,0.056999999999999995,0.061662834,0.06266627,0.05345715,0.049376715,0.06480862,Rocky Flats,39.912799,-105.188587
1066,2023-06-25 22:00:00+00:00,0.057021607,0.056,0.06014151,0.06352809,0.057410687,0.04912941,0.06363938,Rocky Flats,39.912799,-105.188587
1067,2023-06-25 23:00:00+00:00,0.055638086,0.056999999999999995,0.058236223,0.062293444,0.060694687,0.049804848,0.060610894,Rocky Flats,39.912799,-105.188587
1068,2023-06-26 00:00:00+00:00,0.05664796,0.056999999999999995,0.055822164,0.059314743,0.060231432,0.048972026,0.057727266,Rocky Flats,39.912799,-105.188587
1069,2023-06-26 01:00:00+00:00,0.05489985,0.054,0.055475708,0.05425597,0.054106295,0.048749685,0.055686675,Rocky Flats,39.912799,-105.188587
1070,2023-06-26 02:00:00+00:00,0.05126031,0.053,0.05271686,0.048556454,0.046362303,0.04784373,0.05507375,Rocky Flats,39.912799,-105.188587
1071,2023-06-26 03:00:00+00:00,0.050585885,0.05,0.04930072,0.0461767,0.04377353,0.047822144,0.053309057,Rocky Flats,39.912799,-105.188587
1072,2023-06-26 04:00:00+00:00,0.047809694,0.049,0.048935734,0.04333137,0.043608956,0.048717145,0.050007734,Rocky Flats,39.912799,-105.188587
1073,2023-06-26 05:00:00+00:00,0.047673877,0.046,0.046709877,0.042760696,0.043068927,0.049122177,0.0479918,Rocky Flats,39.912799,-105.188587
1074,2023-06-26 06:00:00+00:00,0.045118768,0.045,0.04672544,0.041964732,0.04295511,0.04762185,0.047431823,Rocky Flats,39.912799,-105.188587
1075,2023-06-26 07:00:00+00:00,0.04459844,0.043,0.044798642,0.04079621,0.04265299,0.045767196,0.047119316,Rocky Flats,39.912799,-105.188587
1076,2023-06-26 08:00:00+00:00,0.0423986,0.039,0.0443896,0.040465347,0.043149807,0.044323344,0.047498833,Rocky Flats,39.912799,-105.188587
1077,2023-06-26 09:00:00+00:00,0.038278084,0.039,0.0419252,0.04001304,0.04242769,0.043331508,0.047176853,Rocky Flats,39.912799,-105.188587
1078,2023-06-26 10:00:00+00:00,0.037983816,0.037,0.038034007,0.040462896,0.041107446,0.04284284,0.04586978,Rocky Flats,39.912799,-105.188587
1079,2023-06-26 11:00:00+00:00,0.0359849,0.036,0.037817743,0.038868442,0.03923975,0.04176376,0.043865792,Rocky Flats,39.912799,-105.188587
1080,2023-06-26 12:00:00+00:00,0.035116013,0.032,0.035634443,0.034328323,0.03759274,0.03942702,0.0420156,Rocky Flats,39.912799,-105.188587
1081,2023-06-26 13:00:00+00:00,0.032723762,0.034,0.03570479,0.0339332,0.036984127,0.038555387,0.039156627,Rocky Flats,39.912799,-105.188587
1082,2023-06-26 14:00:00+00:00,0.036991708,0.037500000000000006,0.036951236,0.037088383,0.038344633,0.04124126,0.04058751,Rocky Flats,39.912799,-105.188587
1083,2023-06-26 15:00:00+00:00,0.041999716,0.041,0.044295162,0.04278711,0.042526156,0.046936527,0.042268284,Rocky Flats,39.912799,-105.188587
1084,2023-06-26 16:00:00+00:00,0.04640158,0.048,0.051925935,0.048968505,0.05009993,0.05431302,0.04813539,Rocky Flats,39.912799,-105.188587
1085,2023-06-26 17:00:00+00:00,0.0541678,0.056999999999999995,0.05684143,0.056333516,0.05716878,0.061757464,0.052066013,Rocky Flats,39.912799,-105.188587
1086,2023-06-26 18:00:00+00:00,0.0625805,0.067,0.063100755,0.06284205,0.062340148,0.06752826,0.056413397,Rocky Flats,39.912799,-105.188587
1087,2023-06-26 19:00:00+00:00,0.071533024,0.066,0.06820737,0.06639956,0.0649714,0.0698592,0.05948504,Rocky Flats,39.912799,-105.188587
1088,2023-06-26 20:00:00+00:00,0.06513555,0.068,0.073259905,0.06776657,0.06577725,0.06801864,0.060157694,Rocky Flats,39.912799,-105.188587
1089,2023-06-26 21:00:00+00:00,0.06924683,0.074,0.06491891,0.06808686,0.065567374,0.066681385,0.060973212,Rocky Flats,39.912799,-105.188587
1090,2023-06-26 22:00:00+00:00,0.0746814,0.078,0.06930603,0.06876366,0.0637038,0.06463219,0.061585985,Rocky Flats,39.912799,-105.188587
1091,2023-06-26 23:00:00+00:00,0.07623086,0.082,0.07257667,0.063590795,0.061660547,0.06343391,0.059230503,Rocky Flats,39.912799,-105.188587
1092,2023-06-27 00:00:00+00:00,0.078953244,0.079,0.07127352,0.060707107,0.05941625,0.061371926,0.057655975,Rocky Flats,39.912799,-105.188587
1093,2023-06-27 01:00:00+00:00,0.072244845,0.07,0.07144766,0.06004682,0.057720535,0.057432372,0.05598438,Rocky Flats,39.912799,-105.188587
1094,2023-06-27 02:00:00+00:00,0.06339711,0.069,0.066051684,0.05896874,0.05404788,0.0532942,0.05353841,Rocky Flats,39.912799,-105.188587
1095,2023-06-27 03:00:00+00:00,0.06507932,0.061,0.059218112,0.057901006,0.051588994,0.050126925,0.050953966,Rocky Flats,39.912799,-105.188587
1096,2023-06-27 04:00:00+00:00,0.05702128,0.056,0.06163156,0.054973338,0.05130372,0.048328884,0.047988314,Rocky Flats,39.912799,-105.188587
1097,2023-06-27 05:00:00+00:00,0.05425865,0.052,0.05517379,0.052454725,0.051321425,0.04756526,0.04527293,Rocky Flats,39.912799,-105.188587
1098,2023-06-27 06:00:00+00:00,0.05086353,0.048,0.05311111,0.05283741,0.05126898,0.046513442,0.043688614,Rocky Flats,39.912799,-105.188587
1099,2023-06-27 07:00:00+00:00,0.047685053,0.047,0.05031587,0.050908305,0.05028366,0.045274958,0.04274832,Rocky Flats,39.912799,-105.188587
1100,2023-06-27 08:00:00+00:00,0.047020886,0.042,0.048009597,0.04853787,0.049963735,0.045738883,0.043154683,Rocky Flats,39.912799,-105.188587
1101,2023-06-27 09:00:00+00:00,0.043049026,0.041,0.04835401,0.046225592,0.049563006,0.04695098,0.042748205,Rocky Flats,39.912799,-105.188587
1102,2023-06-27 10:00:00+00:00,0.040932506,0.042,0.044327468,0.045191042,0.0474874,0.046966404,0.043222718,Rocky Flats,39.912799,-105.188587
1103,2023-06-27 11:00:00+00:00,0.041351214,0.042,0.041696407,0.04549501,0.045036722,0.046625026,0.042158738,Rocky Flats,39.912799,-105.188587
1104,2023-06-27 12:00:00+00:00,0.03911791,0.039,0.040937446,0.042357236,0.04246282,0.044356212,0.04099236,Rocky Flats,39.912799,-105.188587
1105,2023-06-27 13:00:00+00:00,0.03796,0.039,0.03977627,0.03876696,0.041201048,0.043865785,0.040394366,Rocky Flats,39.912799,-105.188587
1106,2023-06-27 14:00:00+00:00,0.041072056,0.045,0.042694762,0.04158772,0.04345923,0.046388432,0.04317163,Rocky Flats,39.912799,-105.188587
1107,2023-06-27 15:00:00+00:00,0.049040064,0.047,0.049315847,0.04720274,0.048788674,0.05054005,0.04963064,Rocky Flats,39.912799,-105.188587
1108,2023-06-27 16:00:00+00:00,0.052176498,0.049,0.057316065,0.054994095,0.05583602,0.056336436,0.05890012,Rocky Flats,39.912799,-105.188587
1109,2023-06-27 17:00:00+00:00,0.053603593,0.052,0.061644837,0.062412165,0.06216021,0.06470621,0.06686527,Rocky Flats,39.912799,-105.188587
1110,2023-06-27 18:00:00+00:00,0.054690827,0.063,0.061247386,0.06814607,0.06679634,0.07347098,0.07275498,Rocky Flats,39.912799,-105.188587
1111,2023-06-27 19:00:00+00:00,0.06613046,0.065,0.05877319,0.06832029,0.0686834,0.0770737,0.07404814,Rocky Flats,39.912799,-105.188587
1112,2023-06-27 20:00:00+00:00,0.06434146,0.061,0.06660526,0.06360031,0.067258924,0.07396374,0.071557455,Rocky Flats,39.912799,-105.188587
1113,2023-06-27 21:00:00+00:00,0.060649622,0.06,0.06130485,0.05743828,0.06528237,0.0683791,0.06870638,Rocky Flats,39.912799,-105.188587
1114,2023-06-27 22:00:00+00:00,0.060361832,0.05800000000000001,0.059486825,0.05871224,0.060459238,0.06342044,0.06652419,Rocky Flats,39.912799,-105.188587
1115,2023-06-27 23:00:00+00:00,0.058085255,0.055,0.058988947,0.05787827,0.056238096,0.059479132,0.062482294,Rocky Flats,39.912799,-105.188587
1116,2023-06-28 00:00:00+00:00,0.05394281,0.053,0.057235442,0.056217536,0.0531698,0.057572287,0.05777748,Rocky Flats,39.912799,-105.188587
1117,2023-06-28 01:00:00+00:00,0.05282832,0.052,0.053284824,0.055959996,0.0532313,0.054941688,0.054809052,Rocky Flats,39.912799,-105.188587
1118,2023-06-28 02:00:00+00:00,0.051846456,0.055,0.052347623,0.054568835,0.051543,0.05210277,0.051214226,Rocky Flats,39.912799,-105.188587
1119,2023-06-28 03:00:00+00:00,0.054528803,0.05,0.050727557,0.05150158,0.049017373,0.05010535,0.05048032,Rocky Flats,39.912799,-105.188587
1120,2023-06-28 04:00:00+00:00,0.04886707,0.043,0.053614445,0.050125193,0.04622644,0.049212806,0.04864199,Rocky Flats,39.912799,-105.188587
1121,2023-06-28 05:00:00+00:00,0.043268755,0.044,0.049204644,0.047818385,0.04389901,0.049714454,0.04788991,Rocky Flats,39.912799,-105.188587
1122,2023-06-28 06:00:00+00:00,0.04530824,0.044,0.044843584,0.04744807,0.042404596,0.049637433,0.048461907,Rocky Flats,39.912799,-105.188587
1123,2023-06-28 07:00:00+00:00,0.044843253,0.048,0.046678968,0.04659564,0.043103207,0.048854172,0.048896313,Rocky Flats,39.912799,-105.188587
1124,2023-06-28 08:00:00+00:00,0.048248105,0.04821276595744681,0.04557945,0.043249503,0.042472463,0.048322115,0.047422484,Rocky Flats,39.912799,-105.188587
1125,2023-06-28 09:00:00+00:00,0.047421705,0.04842553191489362,0.047652725,0.044873096,0.041177224,0.047195602,0.04566754,Rocky Flats,39.912799,-105.188587
1126,2023-06-28 10:00:00+00:00,0.046718597,0.048638297872340426,0.047001705,0.044705268,0.039741006,0.04677406,0.044621807,Rocky Flats,39.912799,-105.188587
1127,2023-06-28 11:00:00+00:00,0.04647227,0.04885106382978723,0.04632003,0.045761008,0.036213927,0.041575253,0.043117695,Rocky Flats,39.912799,-105.188587
1128,2023-06-28 12:00:00+00:00,0.046558812,0.049063829787234045,0.04567374,0.04395633,0.034921743,0.039115526,0.041895125,Rocky Flats,39.912799,-105.188587
1129,2023-06-28 13:00:00+00:00,0.047220264,0.04927659574468085,0.046522003,0.044574823,0.03428186,0.040416993,0.042856917,Rocky Flats,39.912799,-105.188587
1130,2023-06-28 14:00:00+00:00,0.049643993,0.049489361702127664,0.049047187,0.048355184,0.03686264,0.04715569,0.046049412,Rocky Flats,39.912799,-105.188587
1131,2023-06-28 15:00:00+00:00,0.05121082,0.04970212765957447,0.054773632,0.05134479,0.041992545,0.055386588,0.049570464,Rocky Flats,39.912799,-105.188587
1132,2023-06-28 16:00:00+00:00,0.05229265,0.049914893617021276,0.058893934,0.05196814,0.048217174,0.063252695,0.053792574,Rocky Flats,39.912799,-105.188587
1133,2023-06-28 17:00:00+00:00,0.052705344,0.05012765957446809,0.06023273,0.05385086,0.055441625,0.07154372,0.059321567,Rocky Flats,39.912799,-105.188587
1134,2023-06-28 18:00:00+00:00,0.05238432,0.050340425531914895,0.060038112,0.05691091,0.059645113,0.079368904,0.064281315,Rocky Flats,39.912799,-105.188587
1135,2023-06-28 19:00:00+00:00,0.05185802,0.0505531914893617,0.05747219,0.059336234,0.06280364,0.086181365,0.06720632,Rocky Flats,39.912799,-105.188587
1136,2023-06-28 20:00:00+00:00,0.051647846,0.050765957446808514,0.055639967,0.061440345,0.06613493,0.08763548,0.068616994,Rocky Flats,39.912799,-105.188587
1137,2023-06-28 21:00:00+00:00,0.05179363,0.05097872340425532,0.05523418,0.063305646,0.068082064,0.085547104,0.06857733,Rocky Flats,39.912799,-105.188587
1138,2023-06-28 22:00:00+00:00,0.051524132,0.051191489361702126,0.05500918,0.06338514,0.06820382,0.08128424,0.06937356,Rocky Flats,39.912799,-105.188587
1139,2023-06-28 23:00:00+00:00,0.051031,0.05140425531914894,0.053590465,0.06326377,0.06654145,0.07673588,0.066845044,Rocky Flats,39.912799,-105.188587
1140,2023-06-29 00:00:00+00:00,0.04999631,0.051617021276595745,0.051784925,0.060783695,0.063968256,0.07199734,0.063917235,Rocky Flats,39.912799,-105.188587
1141,2023-06-29 01:00:00+00:00,0.05032323,0.05182978723404256,0.049377654,0.054797005,0.059880584,0.066006735,0.061013356,Rocky Flats,39.912799,-105.188587
1142,2023-06-29 02:00:00+00:00,0.05070768,0.052042553191489364,0.04908072,0.049070634,0.05802818,0.060793657,0.05825717,Rocky Flats,39.912799,-105.188587
1143,2023-06-29 03:00:00+00:00,0.05000807,0.05225531914893617,0.04968866,0.044902425,0.05519694,0.056695912,0.055855747,Rocky Flats,39.912799,-105.188587
1144,2023-06-29 04:00:00+00:00,0.050735172,0.05246808510638298,0.04903429,0.042741008,0.051487263,0.053802762,0.05307622,Rocky Flats,39.912799,-105.188587
1145,2023-06-29 05:00:00+00:00,0.051390477,0.05268085106382979,0.0501254,0.04242474,0.046901535,0.048495814,0.050952576,Rocky Flats,39.912799,-105.188587
1146,2023-06-29 06:00:00+00:00,0.051578905,0.052893617021276595,0.050508093,0.04373272,0.04249637,0.042424478,0.04898027,Rocky Flats,39.912799,-105.188587
1147,2023-06-29 07:00:00+00:00,0.05155636,0.05310638297872341,0.04823274,0.04418294,0.039314404,0.039004844,0.047701575,Rocky Flats,39.912799,-105.188587
1148,2023-07-01 06:00:00+00:00,0.049300652,0.05,0.049704973,0.04529393,0.03988691,0.03774656,0.046010423,Rocky Flats,39.912799,-105.188587
1149,2023-07-01 07:00:00+00:00,0.048556197,0.049,0.047578733,0.043050826,0.039722998,0.036857896,0.044968043,Rocky Flats,39.912799,-105.188587
1150,2023-07-01 08:00:00+00:00,0.047715176,0.05,0.046875432,0.045402966,0.0406688,0.036731534,0.04289482,Rocky Flats,39.912799,-105.188587
1151,2023-07-01 09:00:00+00:00,0.049055547,0.051,0.0462489,0.04235693,0.041610196,0.03834047,0.041119125,Rocky Flats,39.912799,-105.188587
1152,2023-07-01 10:00:00+00:00,0.049991187,0.051,0.048316132,0.041991305,0.039353713,0.038263652,0.039525926,Rocky Flats,39.912799,-105.188587
1153,2023-07-01 11:00:00+00:00,0.049643766,0.053,0.048421573,0.040844653,0.041525334,0.0390612,0.038809646,Rocky Flats,39.912799,-105.188587
1154,2023-07-01 12:00:00+00:00,0.05122706,0.048,0.04744254,0.041730955,0.042065945,0.04196291,0.040273327,Rocky Flats,39.912799,-105.188587
1155,2023-07-01 13:00:00+00:00,0.045854587,0.049,0.048777446,0.042526767,0.041345794,0.04642493,0.04178279,Rocky Flats,39.912799,-105.188587
1156,2023-07-01 14:00:00+00:00,0.04889907,0.054,0.04514173,0.044668417,0.042000037,0.051308233,0.048218083,Rocky Flats,39.912799,-105.188587
1157,2023-07-01 15:00:00+00:00,0.055570167,0.054,0.05069834,0.04918782,0.046055347,0.060124062,0.0522051,Rocky Flats,39.912799,-105.188587
1158,2023-07-01 16:00:00+00:00,0.055985473,0.059000000000000004,0.058537602,0.05293883,0.05058554,0.054908548,0.056027852,Rocky Flats,39.912799,-105.188587
1159,2023-07-01 17:00:00+00:00,0.06293912,0.059000000000000004,0.061347667,0.05781927,0.055186164,0.06084444,0.059616044,Rocky Flats,39.912799,-105.188587
1160,2023-07-01 18:00:00+00:00,0.060852114,0.05800000000000001,0.068369016,0.061528154,0.05979137,0.06493558,0.061100893,Rocky Flats,39.912799,-105.188587
1161,2023-07-01 19:00:00+00:00,0.059150822,0.05800000000000001,0.06541337,0.06366049,0.06311818,0.06654726,0.0619796,Rocky Flats,39.912799,-105.188587
1162,2023-07-01 20:00:00+00:00,0.059440855,0.05800000000000001,0.06309412,0.06549993,0.06759953,0.06713755,0.06286128,Rocky Flats,39.912799,-105.188587
1163,2023-07-01 21:00:00+00:00,0.059027195,0.059000000000000004,0.063363366,0.06480685,0.07297309,0.066652685,0.057690907,Rocky Flats,39.912799,-105.188587
1164,2023-07-01 22:00:00+00:00,0.059836023,0.056999999999999995,0.06198835,0.06380563,0.07635888,0.06449331,0.05674845,Rocky Flats,39.912799,-105.188587
1165,2023-07-01 23:00:00+00:00,0.056547157,0.054,0.06179679,0.06290082,0.07831115,0.0611114,0.055129193,Rocky Flats,39.912799,-105.188587
1166,2023-07-02 00:00:00+00:00,0.053389456,0.051,0.05753627,0.05865654,0.07635752,0.05644785,0.053451784,Rocky Flats,39.912799,-105.188587
1167,2023-07-02 01:00:00+00:00,0.04893156,0.05,0.053199824,0.055826142,0.071034625,0.05156237,0.05120179,Rocky Flats,39.912799,-105.188587
1168,2023-07-02 02:00:00+00:00,0.04958244,0.047,0.04934168,0.051367607,0.06368872,0.04834244,0.04908503,Rocky Flats,39.912799,-105.188587
1169,2023-07-02 03:00:00+00:00,0.04556422,0.044,0.04858987,0.045772642,0.056450445,0.047461864,0.04764269,Rocky Flats,39.912799,-105.188587
1170,2023-07-02 04:00:00+00:00,0.04336285,0.042,0.045998562,0.043548524,0.05275816,0.046931688,0.046581265,Rocky Flats,39.912799,-105.188587
1171,2023-07-02 05:00:00+00:00,0.04223543,0.041,0.04485464,0.04055572,0.050806772,0.049293738,0.04700744,Rocky Flats,39.912799,-105.188587
1172,2023-07-02 06:00:00+00:00,0.041318096,0.043,0.04372218,0.039763797,0.04582595,0.05107085,0.046268295,Rocky Flats,39.912799,-105.188587
1173,2023-07-02 07:00:00+00:00,0.043311875,0.036,0.04211396,0.03899397,0.04139564,0.051524203,0.045942176,Rocky Flats,39.912799,-105.188587
1174,2023-07-02 08:00:00+00:00,0.037101265,0.041,0.044586524,0.03873739,0.040073883,0.050356336,0.046259273,Rocky Flats,39.912799,-105.188587
1175,2023-07-02 09:00:00+00:00,0.041192792,0.044,0.038602702,0.038714886,0.037988905,0.04922064,0.045709793,Rocky Flats,39.912799,-105.188587
1176,2023-07-02 10:00:00+00:00,0.043656692,0.045,0.042052105,0.041533932,0.03755323,0.044980813,0.045110922,Rocky Flats,39.912799,-105.188587
1177,2023-07-02 11:00:00+00:00,0.0440511,0.043,0.04396718,0.037738524,0.035612594,0.043661356,0.043749224,Rocky Flats,39.912799,-105.188587
1178,2023-07-02 12:00:00+00:00,0.04202848,0.042,0.043605074,0.038038097,0.03374064,0.041035037,0.041876607,Rocky Flats,39.912799,-105.188587
1179,2023-07-02 13:00:00+00:00,0.04165864,0.042,0.04130369,0.038673982,0.034462966,0.040091388,0.041427337,Rocky Flats,39.912799,-105.188587
1180,2023-07-02 14:00:00+00:00,0.043780077,0.043,0.04282006,0.041525196,0.03548589,0.04248335,0.042821653,Rocky Flats,39.912799,-105.188587
1181,2023-07-02 15:00:00+00:00,0.046569392,0.048,0.04786941,0.046067555,0.04038714,0.04649371,0.04324672,Rocky Flats,39.912799,-105.188587
1182,2023-07-02 16:00:00+00:00,0.05306883,0.048,0.053092934,0.05167354,0.047516137,0.051597793,0.04720219,Rocky Flats,39.912799,-105.188587
1183,2023-07-02 17:00:00+00:00,0.050706644,0.051,0.060993172,0.056561884,0.054352637,0.057390194,0.05105029,Rocky Flats,39.912799,-105.188587
1184,2023-07-02 18:00:00+00:00,0.0541715,0.053,0.058082506,0.059636265,0.059454568,0.06270392,0.054655924,Rocky Flats,39.912799,-105.188587
1185,2023-07-02 19:00:00+00:00,0.05503042,0.055,0.059968337,0.06286649,0.06296517,0.06760559,0.05787576,Rocky Flats,39.912799,-105.188587
1186,2023-07-02 20:00:00+00:00,0.057046447,0.056,0.05845809,0.06100405,0.06542093,0.070449784,0.060413722,Rocky Flats,39.912799,-105.188587
1187,2023-07-02 21:00:00+00:00,0.056964308,0.056999999999999995,0.060216334,0.061166216,0.066340335,0.07210509,0.06206153,Rocky Flats,39.912799,-105.188587
1188,2023-07-02 22:00:00+00:00,0.057790644,0.061,0.058004815,0.0618139,0.0681585,0.07268846,0.062619604,Rocky Flats,39.912799,-105.188587
1189,2023-07-02 23:00:00+00:00,0.062067095,0.061,0.05855757,0.061324943,0.06584737,0.07184641,0.062490005,Rocky Flats,39.912799,-105.188587
1190,2023-07-03 00:00:00+00:00,0.059957102,0.062000000000000006,0.061150495,0.058525175,0.064191096,0.06924631,0.060241073,Rocky Flats,39.912799,-105.188587
1191,2023-07-03 01:00:00+00:00,0.05965934,0.061,0.056847483,0.05585931,0.06076,0.0636502,0.055890247,Rocky Flats,39.912799,-105.188587
1192,2023-07-03 02:00:00+00:00,0.058400877,0.06,0.05669893,0.055301353,0.056630656,0.058336303,0.05092982,Rocky Flats,39.912799,-105.188587
1193,2023-07-03 03:00:00+00:00,0.057100974,0.05800000000000001,0.0550022,0.05180235,0.053298254,0.05459172,0.050525565,Rocky Flats,39.912799,-105.188587
1194,2023-07-03 04:00:00+00:00,0.055839747,0.052,0.054950263,0.051623058,0.05031168,0.052497156,0.05131359,Rocky Flats,39.912799,-105.188587
1195,2023-07-03 05:00:00+00:00,0.050443318,0.051,0.054371383,0.05030003,0.04831617,0.051681213,0.052894555,Rocky Flats,39.912799,-105.188587
1196,2023-07-03 06:00:00+00:00,0.0504435,0.048,0.04969071,0.05046717,0.045247294,0.05040305,0.054137826,Rocky Flats,39.912799,-105.188587
1197,2023-07-03 07:00:00+00:00,0.047647003,0.048,0.049862813,0.050169542,0.04611037,0.048393536,0.05550368,Rocky Flats,39.912799,-105.188587
1198,2023-07-03 08:00:00+00:00,0.047870856,0.05,0.047262374,0.047425855,0.04692911,0.045926753,0.056193456,Rocky Flats,39.912799,-105.188587
1199,2023-07-03 09:00:00+00:00,0.049436025,0.056,0.04783559,0.048010003,0.04656462,0.04507299,0.05470702,Rocky Flats,39.912799,-105.188587
1200,2023-07-03 10:00:00+00:00,0.05519087,0.053,0.04894517,0.046378817,0.046451777,0.04533543,0.050488923,Rocky Flats,39.912799,-105.188587
1201,2023-07-03 11:00:00+00:00,0.0509464,0.052,0.05454723,0.045902327,0.04448477,0.04579577,0.045617405,Rocky Flats,39.912799,-105.188587
1202,2023-07-03 12:00:00+00:00,0.049859434,0.05,0.049068816,0.04496856,0.043549888,0.04471458,0.043233365,Rocky Flats,39.912799,-105.188587
1203,2023-07-03 13:00:00+00:00,0.048228573,0.048,0.048060764,0.048096918,0.042724542,0.044988558,0.043004397,Rocky Flats,39.912799,-105.188587
1204,2023-07-03 14:00:00+00:00,0.04836143,0.048,0.048551213,0.04903092,0.04404151,0.047230825,0.04545986,Rocky Flats,39.912799,-105.188587
1205,2023-07-03 15:00:00+00:00,0.050776444,0.053,0.052594095,0.052917007,0.0486314,0.05122861,0.050082788,Rocky Flats,39.912799,-105.188587
1206,2023-07-03 16:00:00+00:00,0.057700068,0.056,0.058678888,0.058029555,0.056421667,0.05795347,0.053128142,Rocky Flats,39.912799,-105.188587
1207,2023-07-03 17:00:00+00:00,0.059650447,0.061,0.066624425,0.06326225,0.061907712,0.06611068,0.05826474,Rocky Flats,39.912799,-105.188587
1208,2023-07-03 18:00:00+00:00,0.06412971,0.061,0.067023285,0.06764913,0.06582224,0.07345212,0.062998846,Rocky Flats,39.912799,-105.188587
1209,2023-07-03 19:00:00+00:00,0.061751347,0.07,0.068959154,0.0713051,0.068657964,0.078485526,0.06560791,Rocky Flats,39.912799,-105.188587
1210,2023-07-03 20:00:00+00:00,0.073923215,0.072,0.06475075,0.07027119,0.07091726,0.08026773,0.06675209,Rocky Flats,39.912799,-105.188587
1211,2023-07-03 21:00:00+00:00,0.07233728,0.075,0.07624829,0.07109326,0.073386006,0.07950506,0.06558147,Rocky Flats,39.912799,-105.188587
1212,2023-07-03 22:00:00+00:00,0.07542916,0.076,0.07222493,0.06823957,0.07440211,0.07627741,0.065347925,Rocky Flats,39.912799,-105.188587
1213,2023-07-03 23:00:00+00:00,0.074306734,0.072,0.07425123,0.07828238,0.07306325,0.072998546,0.06555843,Rocky Flats,39.912799,-105.188587
1214,2023-07-04 00:00:00+00:00,0.06859889,0.067,0.07094396,0.07302183,0.07060227,0.06887889,0.0651795,Rocky Flats,39.912799,-105.188587
1215,2023-07-04 01:00:00+00:00,0.06252157,0.05800000000000001,0.064846456,0.06952223,0.06528816,0.063803636,0.06300609,Rocky Flats,39.912799,-105.188587
1216,2023-07-04 02:00:00+00:00,0.055558983,0.056,0.059969638,0.0646354,0.06465066,0.06051,0.059435513,Rocky Flats,39.912799,-105.188587
1217,2023-07-04 03:00:00+00:00,0.054907814,0.053,0.054836825,0.060171988,0.062139917,0.057841152,0.056349434,Rocky Flats,39.912799,-105.188587
1218,2023-07-04 04:00:00+00:00,0.051992506,0.054,0.053831574,0.057692762,0.061339997,0.056926884,0.055066537,Rocky Flats,39.912799,-105.188587
1219,2023-07-04 05:00:00+00:00,0.053126052,0.051,0.05175028,0.05317206,0.060804598,0.05585036,0.05425382,Rocky Flats,39.912799,-105.188587
1220,2023-07-04 06:00:00+00:00,0.050401535,0.051,0.05376635,0.05225375,0.059335712,0.056414183,0.053387433,Rocky Flats,39.912799,-105.188587
1221,2023-07-04 07:00:00+00:00,0.05091498,0.047,0.05062381,0.04860418,0.057698864,0.05579738,0.052939545,Rocky Flats,39.912799,-105.188587
1222,2023-07-04 08:00:00+00:00,0.0466283,0.049,0.051366698,0.049563058,0.055354048,0.055474047,0.052275665,Rocky Flats,39.912799,-105.188587
1223,2023-07-04 09:00:00+00:00,0.04841572,0.049,0.047271702,0.049428508,0.052773774,0.055213828,0.052680675,Rocky Flats,39.912799,-105.188587
1224,2023-07-04 10:00:00+00:00,0.048228428,0.049,0.048862234,0.049645517,0.049700234,0.054911025,0.05218079,Rocky Flats,39.912799,-105.188587
1225,2023-07-04 11:00:00+00:00,0.04722609,0.049,0.04820367,0.04535768,0.04763172,0.052781638,0.05258527,Rocky Flats,39.912799,-105.188587
1226,2023-07-04 12:00:00+00:00,0.046683602,0.047,0.045656495,0.045166302,0.045350414,0.049931966,0.051159006,Rocky Flats,39.912799,-105.188587
1227,2023-07-04 13:00:00+00:00,0.045450427,0.039,0.045624245,0.046337195,0.04427962,0.04833269,0.049915474,Rocky Flats,39.912799,-105.188587
1228,2023-07-04 14:00:00+00:00,0.040463198,0.041,0.048046093,0.049265422,0.044472106,0.04994874,0.05177427,Rocky Flats,39.912799,-105.188587
1229,2023-07-04 15:00:00+00:00,0.045858745,0.046,0.049395803,0.05539875,0.050501633,0.055725515,0.054272026,Rocky Flats,39.912799,-105.188587
1230,2023-07-04 16:00:00+00:00,0.051720105,0.051,0.056941893,0.059676923,0.058521803,0.06441861,0.06067851,Rocky Flats,39.912799,-105.188587
1231,2023-07-04 17:00:00+00:00,0.056074917,0.053,0.062816784,0.06357607,0.065008596,0.07287358,0.071278684,Rocky Flats,39.912799,-105.188587
1232,2023-07-04 18:00:00+00:00,0.05376806,0.056,0.06541604,0.06668934,0.06947943,0.07953561,0.082686245,Rocky Flats,39.912799,-105.188587
1233,2023-07-04 19:00:00+00:00,0.0583785,0.06,0.057200782,0.069046356,0.06847753,0.08150776,0.08992979,Rocky Flats,39.912799,-105.188587
1234,2023-07-04 20:00:00+00:00,0.062290847,0.062000000000000006,0.060065884,0.06843087,0.06493781,0.078934245,0.09167653,Rocky Flats,39.912799,-105.188587
1235,2023-07-04 21:00:00+00:00,0.06303708,0.05800000000000001,0.064366385,0.05818903,0.06444833,0.0745934,0.09047303,Rocky Flats,39.912799,-105.188587
1236,2023-07-04 22:00:00+00:00,0.056887552,0.05800000000000001,0.06369825,0.058438774,0.06448181,0.0702082,0.08799455,Rocky Flats,39.912799,-105.188587
1237,2023-07-04 23:00:00+00:00,0.056391466,0.054,0.056205902,0.057760417,0.061406855,0.0670745,0.08076588,Rocky Flats,39.912799,-105.188587
1238,2023-07-05 00:00:00+00:00,0.05130486,0.051,0.05477487,0.058269627,0.052272294,0.061999947,0.07235575,Rocky Flats,39.912799,-105.188587
1239,2023-07-05 01:00:00+00:00,0.049481366,0.047,0.048916887,0.054274034,0.05171467,0.058187347,0.061541155,Rocky Flats,39.912799,-105.188587
1240,2023-07-05 02:00:00+00:00,0.04584926,0.045,0.047958393,0.05110914,0.051145516,0.055149004,0.05654382,Rocky Flats,39.912799,-105.188587
1241,2023-07-05 03:00:00+00:00,0.04391464,0.04,0.044837803,0.046752524,0.05001026,0.052854758,0.05592459,Rocky Flats,39.912799,-105.188587
1242,2023-07-05 04:00:00+00:00,0.03795864,0.035,0.043230653,0.044423226,0.046765044,0.048091263,0.0543864,Rocky Flats,39.912799,-105.188587
1243,2023-07-05 05:00:00+00:00,0.033979215,0.036,0.037959263,0.041512325,0.04500975,0.048709653,0.0525946,Rocky Flats,39.912799,-105.188587
1244,2023-07-05 06:00:00+00:00,0.03532782,0.037,0.03584023,0.039930508,0.043418977,0.047655627,0.05088088,Rocky Flats,39.912799,-105.188587
1245,2023-07-05 07:00:00+00:00,0.0360156,0.036,0.03686604,0.037547812,0.042252343,0.046503145,0.049777795,Rocky Flats,39.912799,-105.188587
1246,2023-07-05 08:00:00+00:00,0.03458642,0.036,0.03820376,0.036161937,0.042261984,0.044057116,0.048279,Rocky Flats,39.912799,-105.188587
1247,2023-07-05 09:00:00+00:00,0.03431005,0.037,0.036371235,0.039116252,0.041757718,0.041879915,0.04585949,Rocky Flats,39.912799,-105.188587
1248,2023-07-05 10:00:00+00:00,0.03542963,0.033,0.036039896,0.039077736,0.040505376,0.03796495,0.0458325,Rocky Flats,39.912799,-105.188587
1249,2023-07-05 11:00:00+00:00,0.031033816,0.03,0.036600627,0.03691345,0.03847965,0.037477277,0.045884553,Rocky Flats,39.912799,-105.188587
1250,2023-07-05 12:00:00+00:00,0.028903449,0.031000000000000003,0.031854756,0.03392344,0.0356718,0.035245374,0.044507634,Rocky Flats,39.912799,-105.188587
1251,2023-07-05 13:00:00+00:00,0.03139255,0.03,0.03095608,0.034574658,0.0326193,0.03287081,0.04148353,Rocky Flats,39.912799,-105.188587
1252,2023-07-05 14:00:00+00:00,0.03105609,0.028999999999999998,0.034754176,0.038958095,0.029109476,0.034339022,0.041838776,Rocky Flats,39.912799,-105.188587
1253,2023-07-05 15:00:00+00:00,0.030514298,0.028,0.03521421,0.04449372,0.02778278,0.03816822,0.044419616,Rocky Flats,39.912799,-105.188587
1254,2023-07-05 16:00:00+00:00,0.030645262,0.028571428571428574,0.03491279,0.047422297,0.030283872,0.043524977,0.048042856,Rocky Flats,39.912799,-105.188587
1255,2023-07-05 17:00:00+00:00,0.030677693,0.029142857142857144,0.035240613,0.04711754,0.034410756,0.047225274,0.04786864,Rocky Flats,39.912799,-105.188587
1256,2023-07-05 18:00:00+00:00,0.031091832,0.029714285714285717,0.034492895,0.045873012,0.04016436,0.048658673,0.04358855,Rocky Flats,39.912799,-105.188587
1257,2023-07-05 19:00:00+00:00,0.03132613,0.030285714285714287,0.034024786,0.044540606,0.046722434,0.04936971,0.0415062,Rocky Flats,39.912799,-105.188587
1258,2023-07-05 20:00:00+00:00,0.031532105,0.030857142857142854,0.03366479,0.041656613,0.05035537,0.049447265,0.038227774,Rocky Flats,39.912799,-105.188587
1259,2023-07-05 21:00:00+00:00,0.031753205,0.03142857142857143,0.033760026,0.03801775,0.052242745,0.04907498,0.038412523,Rocky Flats,39.912799,-105.188587
1260,2023-07-05 22:00:00+00:00,0.032107566,0.032,0.03305101,0.035299182,0.0529443,0.04772129,0.037875675,Rocky Flats,39.912799,-105.188587
1261,2023-07-05 23:00:00+00:00,0.032385256,0.031000000000000003,0.03338353,0.034890726,0.050312765,0.045695543,0.036843937,Rocky Flats,39.912799,-105.188587
1262,2023-07-06 00:00:00+00:00,0.031202631,0.028,0.033631004,0.036584727,0.04629239,0.04326992,0.037076984,Rocky Flats,39.912799,-105.188587
1263,2023-07-06 01:00:00+00:00,0.027559135,0.021,0.031866465,0.03802123,0.041793287,0.039868575,0.03564557,Rocky Flats,39.912799,-105.188587
1264,2023-07-06 02:00:00+00:00,0.021059768,0.022,0.028509097,0.03733254,0.036624435,0.036110763,0.03404847,Rocky Flats,39.912799,-105.188587
1265,2023-07-06 03:00:00+00:00,0.0221429,0.024,0.023668803,0.03575145,0.030453049,0.03231383,0.032925256,Rocky Flats,39.912799,-105.188587
1266,2023-07-06 04:00:00+00:00,0.024871675,0.022,0.024224563,0.03376983,0.024940157,0.0291652,0.032120813,Rocky Flats,39.912799,-105.188587
1267,2023-07-06 05:00:00+00:00,0.02137253,0.02,0.025800508,0.029500896,0.022008015,0.026821213,0.030911265,Rocky Flats,39.912799,-105.188587
1268,2023-07-06 06:00:00+00:00,0.019989824,0.021,0.02298364,0.025063714,0.021772372,0.02534236,0.029134452,Rocky Flats,39.912799,-105.188587
1269,2023-07-06 07:00:00+00:00,0.02129025,0.02,0.02239816,0.022915363,0.021921506,0.024742633,0.027690114,Rocky Flats,39.912799,-105.188587
1270,2023-07-06 08:00:00+00:00,0.020007875,0.019,0.022885451,0.021534469,0.0219504,0.024528192,0.0260166,Rocky Flats,39.912799,-105.188587
1271,2023-07-06 09:00:00+00:00,0.019051043,0.018,0.021953808,0.0200554,0.020495493,0.024735056,0.021644572,Rocky Flats,39.912799,-105.188587
1272,2023-07-06 10:00:00+00:00,0.018372092,0.016,0.020809244,0.01966813,0.01924302,0.024562392,0.02017167,Rocky Flats,39.912799,-105.188587
1273,2023-07-06 11:00:00+00:00,0.016649967,0.016,0.019918445,0.019987376,0.018175432,0.024449736,0.019147519,Rocky Flats,39.912799,-105.188587
1274,2023-07-06 12:00:00+00:00,0.016920429,0.016,0.019101312,0.020558741,0.018432118,0.023859853,0.020053437,Rocky Flats,39.912799,-105.188587
1275,2023-07-06 13:00:00+00:00,0.017449902,0.016,0.020614412,0.022467548,0.01965265,0.02516793,0.022500835,Rocky Flats,39.912799,-105.188587
1276,2023-07-06 14:00:00+00:00,0.018945346,0.017,0.023057977,0.024703128,0.0214893,0.028630817,0.027729481,Rocky Flats,39.912799,-105.188587
1277,2023-07-06 15:00:00+00:00,0.022221642,0.016,0.026390444,0.029626997,0.024393916,0.032790605,0.031257473,Rocky Flats,39.912799,-105.188587
1278,2023-07-06 16:00:00+00:00,0.019573655,0.023,0.030470682,0.0353236,0.02817083,0.03791055,0.036168743,Rocky Flats,39.912799,-105.188587
1279,2023-07-06 17:00:00+00:00,0.027916756,0.031000000000000003,0.026091415,0.04141828,0.032411296,0.04246924,0.04029403,Rocky Flats,39.912799,-105.188587
1280,2023-07-06 18:00:00+00:00,0.03734163,0.042,0.033753645,0.04900839,0.03748616,0.045505416,0.045790963,Rocky Flats,39.912799,-105.188587
1281,2023-07-06 19:00:00+00:00,0.04976191,0.049,0.044429235,0.049594186,0.042887557,0.047776483,0.04946763,Rocky Flats,39.912799,-105.188587
1282,2023-07-06 20:00:00+00:00,0.05171356,0.055,0.059350934,0.051619504,0.048396885,0.049351178,0.052494653,Rocky Flats,39.912799,-105.188587
1283,2023-07-06 21:00:00+00:00,0.05865354,0.049,0.05506072,0.059760727,0.054120246,0.05107451,0.054425318,Rocky Flats,39.912799,-105.188587
1284,2023-07-06 22:00:00+00:00,0.046791922,0.047,0.06045941,0.068187654,0.054751594,0.05330458,0.05543226,Rocky Flats,39.912799,-105.188587
1285,2023-07-06 23:00:00+00:00,0.0465336,0.051,0.04635242,0.064094044,0.05888303,0.054076258,0.055903185,Rocky Flats,39.912799,-105.188587
1286,2023-07-07 00:00:00+00:00,0.051836025,0.053,0.047028493,0.069544025,0.06353498,0.05485869,0.05615473,Rocky Flats,39.912799,-105.188587
1287,2023-07-07 01:00:00+00:00,0.050618205,0.053,0.053278033,0.059069797,0.061590225,0.053981174,0.056085143,Rocky Flats,39.912799,-105.188587
1288,2023-07-07 02:00:00+00:00,0.049980592,0.047,0.048478436,0.05449498,0.054510694,0.05061842,0.055180114,Rocky Flats,39.912799,-105.188587
1289,2023-07-07 03:00:00+00:00,0.043501295,0.047,0.048431642,0.05186168,0.04602461,0.04808133,0.052170705,Rocky Flats,39.912799,-105.188587
1290,2023-07-07 04:00:00+00:00,0.04505123,0.046,0.042215705,0.048340123,0.040565934,0.045420993,0.047013003,Rocky Flats,39.912799,-105.188587
1291,2023-07-07 05:00:00+00:00,0.044184953,0.04,0.044397358,0.04498145,0.036701,0.04121978,0.0424487,Rocky Flats,39.912799,-105.188587
1292,2023-07-07 06:00:00+00:00,0.038321935,0.041,0.04273889,0.039275724,0.03475079,0.034730777,0.03977389,Rocky Flats,39.912799,-105.188587
1293,2023-07-07 07:00:00+00:00,0.04019986,0.039,0.037213724,0.034739126,0.034272254,0.036113832,0.0331312,Rocky Flats,39.912799,-105.188587
1294,2023-07-07 08:00:00+00:00,0.038377102,0.037,0.0392774,0.03199192,0.033301625,0.032779917,0.031209745,Rocky Flats,39.912799,-105.188587
1295,2023-07-07 09:00:00+00:00,0.036490824,0.044,0.037139937,0.028915001,0.032019988,0.03349976,0.031631872,Rocky Flats,39.912799,-105.188587
1296,2023-07-07 10:00:00+00:00,0.04310571,0.034,0.03577932,0.03041608,0.03149932,0.032585595,0.030623348,Rocky Flats,39.912799,-105.188587
1297,2023-07-07 11:00:00+00:00,0.032971133,0.043,0.042231787,0.03045707,0.029228274,0.03355653,0.027170045,Rocky Flats,39.912799,-105.188587
1298,2023-07-07 12:00:00+00:00,0.041421812,0.042,0.031224307,0.029762711,0.026468858,0.03379161,0.0313233,Rocky Flats,39.912799,-105.188587
1299,2023-07-07 13:00:00+00:00,0.040512424,0.043,0.04049506,0.035509992,0.027576996,0.03579307,0.02844585,Rocky Flats,39.912799,-105.188587
1300,2023-07-07 14:00:00+00:00,0.04319409,0.05,0.042467084,0.03558037,0.031697012,0.040134646,0.030859299,Rocky Flats,39.912799,-105.188587
1301,2023-07-07 15:00:00+00:00,0.052480306,0.05,0.04876959,0.04238442,0.03770244,0.04480701,0.03546778,Rocky Flats,39.912799,-105.188587
1302,2023-07-07 16:00:00+00:00,0.052237645,0.052,0.05888585,0.046843156,0.04587287,0.04938046,0.04360766,Rocky Flats,39.912799,-105.188587
1303,2023-07-07 17:00:00+00:00,0.055721555,0.055999999999999994,0.058837477,0.053968314,0.050682634,0.056304876,0.050119843,Rocky Flats,39.912799,-105.188587
1304,2023-07-07 18:00:00+00:00,0.060032044,0.06,0.06264457,0.06146723,0.058556136,0.06457309,0.054922767,Rocky Flats,39.912799,-105.188587
1305,2023-07-07 19:00:00+00:00,0.0629395,0.064,0.065357864,0.06468258,0.0666194,0.07015005,0.058350388,Rocky Flats,39.912799,-105.188587
1306,2023-07-07 20:00:00+00:00,0.06614455,0.068,0.0664986,0.06566851,0.07189355,0.06991296,0.06081092,Rocky Flats,39.912799,-105.188587
1307,2023-07-07 21:00:00+00:00,0.06964658,0.064,0.06847819,0.06765778,0.07264814,0.06425367,0.062014733,Rocky Flats,39.912799,-105.188587
1308,2023-07-07 22:00:00+00:00,0.060657024,0.062000000000000006,0.07006706,0.069046035,0.06888925,0.054303132,0.062148727,Rocky Flats,39.912799,-105.188587
1309,2023-07-07 23:00:00+00:00,0.059441548,0.055,0.057950325,0.06887723,0.06528007,0.051348735,0.06118379,Rocky Flats,39.912799,-105.188587
1310,2023-07-08 00:00:00+00:00,0.05194507,0.049,0.056542136,0.06373834,0.062566735,0.04989082,0.059051,Rocky Flats,39.912799,-105.188587
1311,2023-07-08 01:00:00+00:00,0.047305718,0.044,0.050194334,0.054092996,0.060041502,0.047932267,0.05678958,Rocky Flats,39.912799,-105.188587
1312,2023-07-08 02:00:00+00:00,0.043169465,0.045,0.046702795,0.050489236,0.056771543,0.046527974,0.05331646,Rocky Flats,39.912799,-105.188587
1313,2023-07-08 03:00:00+00:00,0.04410287,0.044,0.042578135,0.04449384,0.053861767,0.045007396,0.05014071,Rocky Flats,39.912799,-105.188587
1314,2023-07-08 04:00:00+00:00,0.042276975,0.041,0.044370748,0.040188096,0.046399057,0.044971935,0.047009174,Rocky Flats,39.912799,-105.188587
1315,2023-07-08 05:00:00+00:00,0.039259255,0.041,0.042905215,0.03778652,0.043404378,0.045099687,0.044109832,Rocky Flats,39.912799,-105.188587
1316,2023-07-08 06:00:00+00:00,0.03987859,0.04,0.040001467,0.039559025,0.039835285,0.044675786,0.042813372,Rocky Flats,39.912799,-105.188587
1317,2023-07-08 07:00:00+00:00,0.038717844,0.026,0.04003811,0.04090942,0.03881386,0.044008717,0.04347123,Rocky Flats,39.912799,-105.188587
1318,2023-07-08 08:00:00+00:00,0.025936699,0.028,0.03788773,0.04015561,0.03803833,0.038807318,0.042614244,Rocky Flats,39.912799,-105.188587
1319,2023-07-08 09:00:00+00:00,0.028170085,0.03,0.02765583,0.03769523,0.037062213,0.036985267,0.04275376,Rocky Flats,39.912799,-105.188587
1320,2023-07-08 10:00:00+00:00,0.029680623,0.030379310344827586,0.029553382,0.034311593,0.034111317,0.03304157,0.04269567,Rocky Flats,39.912799,-105.188587
1321,2023-07-08 11:00:00+00:00,0.029195502,0.03075862068965517,0.029795786,0.024803368,0.030544642,0.031914663,0.04138034,Rocky Flats,39.912799,-105.188587
1322,2023-07-08 12:00:00+00:00,0.029963737,0.031137931034482758,0.028650891,0.0210922,0.029269299,0.028672926,0.04006862,Rocky Flats,39.912799,-105.188587
1323,2023-07-08 13:00:00+00:00,0.031383935,0.03151724137931034,0.030537078,0.02354348,0.029972507,0.030087246,0.037279073,Rocky Flats,39.912799,-105.188587
1324,2023-07-08 14:00:00+00:00,0.033346806,0.03189655172413793,0.035632186,0.029484544,0.030689145,0.03618881,0.037908632,Rocky Flats,39.912799,-105.188587
1325,2023-07-08 15:00:00+00:00,0.03535596,0.032275862068965516,0.04082193,0.03765657,0.03678633,0.041894905,0.04118863,Rocky Flats,39.912799,-105.188587
1326,2023-07-08 16:00:00+00:00,0.036787488,0.0326551724137931,0.04523699,0.04496807,0.04409845,0.045911714,0.04721649,Rocky Flats,39.912799,-105.188587
1327,2023-07-08 17:00:00+00:00,0.03662455,0.03303448275862069,0.048019454,0.049963415,0.04813076,0.04926981,0.052696995,Rocky Flats,39.912799,-105.188587
1328,2023-07-08 18:00:00+00:00,0.03704904,0.033413793103448275,0.046605997,0.05267415,0.05398087,0.052437436,0.056696713,Rocky Flats,39.912799,-105.188587
1329,2023-07-08 19:00:00+00:00,0.03605943,0.03379310344827586,0.046194725,0.05314197,0.057256218,0.05528796,0.06058891,Rocky Flats,39.912799,-105.188587
1330,2023-07-08 20:00:00+00:00,0.03519894,0.03417241379310345,0.043995712,0.04983855,0.058682535,0.058459364,0.06384475,Rocky Flats,39.912799,-105.188587
1331,2023-07-08 21:00:00+00:00,0.03476973,0.034551724137931034,0.040722094,0.049681157,0.058563918,0.058946718,0.0659713,Rocky Flats,39.912799,-105.188587
1332,2023-07-08 22:00:00+00:00,0.03488843,0.03493103448275862,0.0384335,0.04728104,0.055263784,0.06080254,0.06663147,Rocky Flats,39.912799,-105.188587
1333,2023-07-08 23:00:00+00:00,0.035990372,0.03531034482758621,0.038825095,0.044081073,0.049350165,0.05980039,0.06592933,Rocky Flats,39.912799,-105.188587
1334,2023-07-09 00:00:00+00:00,0.035417847,0.03568965517241379,0.03736683,0.036998644,0.04597517,0.058178008,0.064555176,Rocky Flats,39.912799,-105.188587
1335,2023-07-09 01:00:00+00:00,0.034739673,0.036068965517241376,0.036492072,0.032559086,0.043968294,0.05683257,0.060902838,Rocky Flats,39.912799,-105.188587
1336,2023-07-09 02:00:00+00:00,0.036701657,0.03644827586206897,0.034378983,0.033166096,0.04431609,0.054749094,0.056346852,Rocky Flats,39.912799,-105.188587
1337,2023-07-09 03:00:00+00:00,0.03596096,0.03682758620689655,0.035915274,0.03120224,0.045089554,0.050296053,0.055609,Rocky Flats,39.912799,-105.188587
1338,2023-07-09 04:00:00+00:00,0.036236566,0.037206896551724135,0.036026448,0.031281143,0.044164028,0.04862008,0.05310248,Rocky Flats,39.912799,-105.188587
1339,2023-07-09 05:00:00+00:00,0.036566563,0.03758620689655172,0.035374627,0.032293953,0.043002743,0.04618038,0.05037914,Rocky Flats,39.912799,-105.188587
1340,2023-07-09 06:00:00+00:00,0.036724865,0.03796551724137931,0.036315005,0.034670934,0.04073134,0.044107713,0.04924097,Rocky Flats,39.912799,-105.188587
1341,2023-07-09 07:00:00+00:00,0.037170846,0.038344827586206894,0.036981277,0.035809528,0.03960331,0.041591838,0.048597578,Rocky Flats,39.912799,-105.188587
1342,2023-07-09 08:00:00+00:00,0.03725077,0.03872413793103448,0.037592057,0.037786305,0.039176352,0.035853267,0.0473896,Rocky Flats,39.912799,-105.188587
1343,2023-07-09 09:00:00+00:00,0.037453335,0.03910344827586207,0.037322592,0.039051034,0.03690999,0.034474578,0.047686394,Rocky Flats,39.912799,-105.188587
1344,2023-07-11 19:00:00+00:00,0.059041526,0.05800000000000001,0.03794303,0.03826382,0.032647304,0.03491873,0.046011336,Rocky Flats,39.912799,-105.188587
1345,2023-07-11 20:00:00+00:00,0.058652624,0.059000000000000004,0.058969602,0.035131324,0.027405035,0.03602619,0.04335088,Rocky Flats,39.912799,-105.188587
1346,2023-07-11 21:00:00+00:00,0.06058457,0.06,0.05913598,0.032580882,0.024582615,0.037741795,0.03879282,Rocky Flats,39.912799,-105.188587
1347,2023-07-11 22:00:00+00:00,0.061018195,0.069,0.06120795,0.05619176,0.025569035,0.04027054,0.032838505,Rocky Flats,39.912799,-105.188587
1348,2023-07-11 23:00:00+00:00,0.0706315,0.06753333333333333,0.060841415,0.05543884,0.028434474,0.04331875,0.03409295,Rocky Flats,39.912799,-105.188587
1349,2023-07-12 00:00:00+00:00,0.0652701,0.06606666666666668,0.0682758,0.057008084,0.032056388,0.04618545,0.03538542,Rocky Flats,39.912799,-105.188587
1350,2023-07-12 01:00:00+00:00,0.06321562,0.0646,0.061404303,0.057454202,0.046368416,0.04632769,0.04458912,Rocky Flats,39.912799,-105.188587
1351,2023-07-12 02:00:00+00:00,0.061771657,0.06313333333333333,0.05979053,0.062366117,0.045048226,0.04483742,0.05125002,Rocky Flats,39.912799,-105.188587
1352,2023-07-12 03:00:00+00:00,0.060537998,0.061666666666666675,0.059147038,0.059981115,0.04482608,0.04478656,0.05485317,Rocky Flats,39.912799,-105.188587
1353,2023-07-12 04:00:00+00:00,0.059786778,0.0602,0.058695517,0.060046937,0.04513488,0.045841515,0.055458274,Rocky Flats,39.912799,-105.188587
1354,2023-07-12 05:00:00+00:00,0.05885506,0.05873333333333334,0.05822224,0.057492707,0.046615887,0.049866583,0.054918468,Rocky Flats,39.912799,-105.188587
1355,2023-07-12 06:00:00+00:00,0.057513293,0.05726666666666666,0.058311198,0.057035714,0.04668501,0.04991688,0.054627545,Rocky Flats,39.912799,-105.188587
1356,2023-07-12 07:00:00+00:00,0.056892004,0.0558,0.056563005,0.05725557,0.046774484,0.05028739,0.05451634,Rocky Flats,39.912799,-105.188587
1357,2023-07-12 08:00:00+00:00,0.055696785,0.05433333333333333,0.05661372,0.05657686,0.04805811,0.051076565,0.054090284,Rocky Flats,39.912799,-105.188587
1358,2023-07-12 09:00:00+00:00,0.054317962,0.052866666666666666,0.05556897,0.05580044,0.049343154,0.052535284,0.053471774,Rocky Flats,39.912799,-105.188587
1359,2023-07-12 10:00:00+00:00,0.052180916,0.0514,0.054144617,0.05638937,0.050477445,0.052114107,0.04675257,Rocky Flats,39.912799,-105.188587
1360,2023-07-12 11:00:00+00:00,0.05085265,0.04993333333333333,0.051346023,0.05398054,0.050699517,0.052202873,0.047068357,Rocky Flats,39.912799,-105.188587
1361,2023-07-12 12:00:00+00:00,0.049399894,0.048466666666666665,0.04915143,0.051989157,0.049720865,0.05158898,0.047788188,Rocky Flats,39.912799,-105.188587
1362,2023-07-12 13:00:00+00:00,0.047312994,0.047,0.04661216,0.051316477,0.049684796,0.051054157,0.04821421,Rocky Flats,39.912799,-105.188587
1363,2023-07-12 14:00:00+00:00,0.047515787,0.044,0.046852585,0.052526016,0.04979339,0.052379213,0.050616316,Rocky Flats,39.912799,-105.188587
1364,2023-07-12 15:00:00+00:00,0.046859536,0.051,0.051512096,0.05606428,0.052000523,0.05599043,0.054956548,Rocky Flats,39.912799,-105.188587
1365,2023-07-12 16:00:00+00:00,0.056920048,0.055,0.055672184,0.05924801,0.057140496,0.06184259,0.060612958,Rocky Flats,39.912799,-105.188587
1366,2023-07-12 17:00:00+00:00,0.060010947,0.063,0.06663171,0.06181059,0.061288267,0.0692146,0.066090874,Rocky Flats,39.912799,-105.188587
1367,2023-07-12 18:00:00+00:00,0.067655675,0.069,0.06741973,0.06188185,0.061679196,0.07654724,0.073697604,Rocky Flats,39.912799,-105.188587
1368,2023-07-12 19:00:00+00:00,0.07161168,0.074,0.07230235,0.06664733,0.061400674,0.08235349,0.07612125,Rocky Flats,39.912799,-105.188587
1369,2023-07-12 20:00:00+00:00,0.075701535,0.08,0.07232817,0.064804465,0.060227096,0.08260016,0.07268264,Rocky Flats,39.912799,-105.188587
1370,2023-07-12 21:00:00+00:00,0.08102148,0.085,0.07501528,0.07208453,0.05786935,0.07775457,0.07228728,Rocky Flats,39.912799,-105.188587
1371,2023-07-12 22:00:00+00:00,0.07995001,0.083,0.07777657,0.073355176,0.05896083,0.070638835,0.067033924,Rocky Flats,39.912799,-105.188587
1372,2023-07-12 23:00:00+00:00,0.079426385,0.075,0.07084478,0.071702704,0.055203423,0.06561656,0.06447394,Rocky Flats,39.912799,-105.188587
1373,2023-07-13 00:00:00+00:00,0.06903899,0.065,0.07140669,0.068455815,0.054345462,0.060949028,0.060417484,Rocky Flats,39.912799,-105.188587
1374,2023-07-13 01:00:00+00:00,0.060614552,0.063,0.06272475,0.061272908,0.054489713,0.05601394,0.058651384,Rocky Flats,39.912799,-105.188587
1375,2023-07-13 02:00:00+00:00,0.061166383,0.059000000000000004,0.058767136,0.061987568,0.05563791,0.053877365,0.054249678,Rocky Flats,39.912799,-105.188587
1376,2023-07-13 03:00:00+00:00,0.05702206,0.053,0.05912303,0.05924655,0.057404045,0.05183305,0.05288119,Rocky Flats,39.912799,-105.188587
1377,2023-07-13 04:00:00+00:00,0.051668547,0.049,0.05627814,0.056444738,0.055103045,0.05188665,0.052333847,Rocky Flats,39.912799,-105.188587
1378,2023-07-13 05:00:00+00:00,0.04899331,0.051,0.0525033,0.055682342,0.05666324,0.05202688,0.05068968,Rocky Flats,39.912799,-105.188587
1379,2023-07-13 06:00:00+00:00,0.050902516,0.048,0.0502661,0.054771863,0.055401385,0.05250789,0.04768404,Rocky Flats,39.912799,-105.188587
1380,2023-07-13 07:00:00+00:00,0.04778536,0.038,0.05179133,0.051747415,0.05406856,0.052905545,0.04693723,Rocky Flats,39.912799,-105.188587
1381,2023-07-13 08:00:00+00:00,0.03995654,0.043,0.049843173,0.05100226,0.055542607,0.052649777,0.047384024,Rocky Flats,39.912799,-105.188587
1382,2023-07-13 09:00:00+00:00,0.043439813,0.044,0.04270769,0.05184369,0.05361392,0.054299697,0.048421867,Rocky Flats,39.912799,-105.188587
1383,2023-07-13 10:00:00+00:00,0.043972358,0.043,0.0451498,0.05027129,0.051967558,0.054006472,0.049545202,Rocky Flats,39.912799,-105.188587
1384,2023-07-13 11:00:00+00:00,0.04240334,0.043,0.044152115,0.04461307,0.05039653,0.052585658,0.05038861,Rocky Flats,39.912799,-105.188587
1385,2023-07-13 12:00:00+00:00,0.04190679,0.041,0.041577626,0.043428253,0.048589386,0.050970364,0.05047855,Rocky Flats,39.912799,-105.188587
1386,2023-07-13 13:00:00+00:00,0.040522944,0.037,0.04273131,0.04416169,0.046579346,0.05025357,0.048941255,Rocky Flats,39.912799,-105.188587
1387,2023-07-13 14:00:00+00:00,0.039977558,0.039,0.046798624,0.047839604,0.04553647,0.051407963,0.052694388,Rocky Flats,39.912799,-105.188587
1388,2023-07-13 15:00:00+00:00,0.044719916,0.048,0.051895514,0.054288577,0.049183708,0.055495996,0.056273025,Rocky Flats,39.912799,-105.188587
1389,2023-07-13 16:00:00+00:00,0.054992594,0.055,0.05848271,0.058657404,0.055457447,0.061204996,0.06316148,Rocky Flats,39.912799,-105.188587
1390,2023-07-13 17:00:00+00:00,0.06016308,0.06,0.065550655,0.061833218,0.06000911,0.06612409,0.068251975,Rocky Flats,39.912799,-105.188587
1391,2023-07-13 18:00:00+00:00,0.06326916,0.063,0.06604954,0.06297745,0.060713302,0.0686791,0.070011236,Rocky Flats,39.912799,-105.188587
1392,2023-07-13 19:00:00+00:00,0.06495234,0.068,0.06524325,0.062400334,0.05897148,0.06959502,0.06979283,Rocky Flats,39.912799,-105.188587
1393,2023-07-13 20:00:00+00:00,0.07001838,0.067,0.06492846,0.06020524,0.05649334,0.06765366,0.068545744,Rocky Flats,39.912799,-105.188587
1394,2023-07-13 21:00:00+00:00,0.06663758,0.07,0.06850668,0.060761753,0.05427329,0.06525269,0.06898412,Rocky Flats,39.912799,-105.188587
1395,2023-07-13 22:00:00+00:00,0.070488825,0.068,0.065081246,0.059882306,0.052651573,0.061844274,0.0683225,Rocky Flats,39.912799,-105.188587
1396,2023-07-13 23:00:00+00:00,0.06537079,0.052,0.06767802,0.06130441,0.050584335,0.058459096,0.06489113,Rocky Flats,39.912799,-105.188587
1397,2023-07-14 00:00:00+00:00,0.050159354,0.051,0.06056403,0.06021371,0.049200214,0.054299887,0.06307368,Rocky Flats,39.912799,-105.188587
1398,2023-07-14 01:00:00+00:00,0.05147352,0.05,0.050079834,0.062284693,0.0481305,0.050461337,0.059739996,Rocky Flats,39.912799,-105.188587
1399,2023-07-14 02:00:00+00:00,0.050441798,0.052,0.052013323,0.05892304,0.048031725,0.0488927,0.056506127,Rocky Flats,39.912799,-105.188587
1400,2023-07-14 03:00:00+00:00,0.051117808,0.051,0.049056593,0.0503794,0.04743466,0.04824987,0.055143643,Rocky Flats,39.912799,-105.188587
1401,2023-07-14 04:00:00+00:00,0.049779914,0.045,0.05028201,0.04962824,0.047362003,0.048424333,0.05359097,Rocky Flats,39.912799,-105.188587
1402,2023-07-14 05:00:00+00:00,0.04422203,0.046,0.049198497,0.04671403,0.046740692,0.0489274,0.05200506,Rocky Flats,39.912799,-105.188587
1403,2023-07-14 06:00:00+00:00,0.046181474,0.049,0.045731716,0.049023245,0.044022348,0.050423842,0.05036732,Rocky Flats,39.912799,-105.188587
1404,2023-07-14 07:00:00+00:00,0.049335744,0.047,0.04717176,0.04876799,0.044397514,0.051810376,0.04938938,Rocky Flats,39.912799,-105.188587
1405,2023-07-14 08:00:00+00:00,0.047005992,0.045,0.050163798,0.047335584,0.046925884,0.052267183,0.049306784,Rocky Flats,39.912799,-105.188587
1406,2023-07-14 09:00:00+00:00,0.045498036,0.047,0.0480338,0.048743743,0.048486408,0.05175851,0.04994513,Rocky Flats,39.912799,-105.188587
1407,2023-07-14 10:00:00+00:00,0.047024198,0.049,0.046667743,0.05110676,0.048766438,0.05010485,0.04984343,Rocky Flats,39.912799,-105.188587
1408,2023-07-14 11:00:00+00:00,0.048650466,0.05,0.04636156,0.048764434,0.04784251,0.049577042,0.04973172,Rocky Flats,39.912799,-105.188587
1409,2023-07-14 12:00:00+00:00,0.04915525,0.055,0.0465858,0.046474367,0.047429867,0.047682684,0.047875088,Rocky Flats,39.912799,-105.188587
1410,2023-07-14 13:00:00+00:00,0.0540143,0.043,0.047365203,0.04546414,0.04766788,0.04725823,0.04844525,Rocky Flats,39.912799,-105.188587
1411,2023-07-14 14:00:00+00:00,0.042738985,0.036,0.052974697,0.04874129,0.047806565,0.048688084,0.049516022,Rocky Flats,39.912799,-105.188587
1412,2023-07-14 15:00:00+00:00,0.038706634,0.046,0.048375234,0.053943906,0.05003494,0.05206381,0.050697718,Rocky Flats,39.912799,-105.188587
1413,2023-07-14 16:00:00+00:00,0.052451506,0.051,0.050962374,0.058932733,0.053242628,0.056529745,0.0554674,Rocky Flats,39.912799,-105.188587
1414,2023-07-14 17:00:00+00:00,0.056080572,0.055,0.064094596,0.06025365,0.054419685,0.060383562,0.062505476,Rocky Flats,39.912799,-105.188587
1415,2023-07-14 18:00:00+00:00,0.059046347,0.056,0.06581311,0.061109677,0.053349204,0.06292544,0.06446402,Rocky Flats,39.912799,-105.188587
1416,2023-07-14 19:00:00+00:00,0.05656554,0.056,0.06454351,0.067570545,0.05232606,0.064779565,0.065644875,Rocky Flats,39.912799,-105.188587
1417,2023-07-14 20:00:00+00:00,0.056189284,0.059000000000000004,0.056220207,0.07220573,0.05059743,0.0658016,0.06413465,Rocky Flats,39.912799,-105.188587
1418,2023-07-14 21:00:00+00:00,0.060613524,0.062000000000000006,0.05410222,0.07268977,0.05052776,0.06746259,0.062509365,Rocky Flats,39.912799,-105.188587
1419,2023-07-14 22:00:00+00:00,0.06294825,0.064,0.05980587,0.06687076,0.054492887,0.067006126,0.061304577,Rocky Flats,39.912799,-105.188587
1420,2023-07-14 23:00:00+00:00,0.06381184,0.065,0.062839225,0.06857498,0.060449664,0.06658545,0.05817213,Rocky Flats,39.912799,-105.188587
1421,2023-07-15 00:00:00+00:00,0.063538276,0.067,0.061307788,0.07269724,0.065807685,0.063008636,0.055067908,Rocky Flats,39.912799,-105.188587
1422,2023-07-15 01:00:00+00:00,0.0641374,0.061,0.059502363,0.069856524,0.06156451,0.06012776,0.053034797,Rocky Flats,39.912799,-105.188587
1423,2023-07-15 02:00:00+00:00,0.056556296,0.054,0.05998371,0.06611038,0.059069466,0.059346486,0.050856426,Rocky Flats,39.912799,-105.188587
1424,2023-07-15 03:00:00+00:00,0.050735503,0.047,0.05380884,0.061252378,0.055490408,0.05668804,0.050617073,Rocky Flats,39.912799,-105.188587
1425,2023-07-15 04:00:00+00:00,0.04510003,0.046,0.04964196,0.059201784,0.050922103,0.052647993,0.050410725,Rocky Flats,39.912799,-105.188587
1426,2023-07-15 05:00:00+00:00,0.045247406,0.048,0.04481697,0.05546544,0.04683313,0.0439685,0.047988165,Rocky Flats,39.912799,-105.188587
1427,2023-07-15 06:00:00+00:00,0.047182415,0.046,0.044402372,0.049633265,0.045898087,0.041958533,0.04658053,Rocky Flats,39.912799,-105.188587
1428,2023-07-15 07:00:00+00:00,0.04458002,0.045,0.04666539,0.04382591,0.047587592,0.04191416,0.046289038,Rocky Flats,39.912799,-105.188587
1429,2023-07-15 08:00:00+00:00,0.043784678,0.04,0.043835726,0.04018786,0.047456894,0.040774066,0.046538558,Rocky Flats,39.912799,-105.188587
1430,2023-07-15 09:00:00+00:00,0.038637783,0.033,0.043703027,0.038572133,0.044880632,0.039016645,0.04557404,Rocky Flats,39.912799,-105.188587
1431,2023-07-15 10:00:00+00:00,0.032421228,0.032,0.03814615,0.036111437,0.04240968,0.038381908,0.043727696,Rocky Flats,39.912799,-105.188587
1432,2023-07-15 11:00:00+00:00,0.030907976,0.031000000000000003,0.032559454,0.03514272,0.039940976,0.04047891,0.041747384,Rocky Flats,39.912799,-105.188587
1433,2023-07-15 12:00:00+00:00,0.030514384,0.029000000000000005,0.03152966,0.033162177,0.039083555,0.04108899,0.041506544,Rocky Flats,39.912799,-105.188587
1434,2023-07-15 13:00:00+00:00,0.029959658,0.034,0.03370269,0.034043744,0.037919406,0.04175343,0.04088769,Rocky Flats,39.912799,-105.188587
1435,2023-07-15 14:00:00+00:00,0.03728488,0.04,0.037491295,0.038048267,0.041425567,0.043897685,0.043167822,Rocky Flats,39.912799,-105.188587
1436,2023-07-15 15:00:00+00:00,0.044588625,0.046,0.0473183,0.04259041,0.045207586,0.04673599,0.047220655,Rocky Flats,39.912799,-105.188587
1437,2023-07-15 16:00:00+00:00,0.051203772,0.05,0.055317733,0.048047468,0.0503369,0.05037404,0.05028486,Rocky Flats,39.912799,-105.188587
1438,2023-07-15 17:00:00+00:00,0.055417772,0.054,0.060671117,0.05406024,0.057110466,0.05537635,0.052762724,Rocky Flats,39.912799,-105.188587
1439,2023-07-15 18:00:00+00:00,0.05830756,0.056999999999999995,0.06247734,0.06032596,0.0635329,0.06348112,0.051729925,Rocky Flats,39.912799,-105.188587
1440,2023-07-15 19:00:00+00:00,0.059609115,0.06,0.06320439,0.062925845,0.06725295,0.073513806,0.05245218,Rocky Flats,39.912799,-105.188587
1441,2023-07-15 20:00:00+00:00,0.061819997,0.063,0.06301728,0.06340632,0.06876479,0.08089738,0.053194705,Rocky Flats,39.912799,-105.188587
1442,2023-07-15 21:00:00+00:00,0.064190775,0.066,0.064342976,0.06347832,0.066974364,0.08380948,0.054721907,Rocky Flats,39.912799,-105.188587
1443,2023-07-15 22:00:00+00:00,0.06675443,0.069,0.06595733,0.06254674,0.06365325,0.081189536,0.055990677,Rocky Flats,39.912799,-105.188587
1444,2023-07-15 23:00:00+00:00,0.068433195,0.069,0.0671756,0.06253026,0.059701808,0.07809136,0.05659812,Rocky Flats,39.912799,-105.188587
1445,2023-07-16 00:00:00+00:00,0.066764615,0.067,0.066491574,0.06094782,0.05560425,0.0712409,0.055537447,Rocky Flats,39.912799,-105.188587
1446,2023-07-16 01:00:00+00:00,0.063296884,0.064,0.062676914,0.057631034,0.052068125,0.06581267,0.05357853,Rocky Flats,39.912799,-105.188587
1447,2023-07-16 02:00:00+00:00,0.06021368,0.06,0.05940409,0.055448752,0.049564354,0.059086416,0.050120384,Rocky Flats,39.912799,-105.188587
1448,2023-07-16 03:00:00+00:00,0.056335844,0.056,0.056373175,0.05343392,0.048415467,0.05317082,0.044075437,Rocky Flats,39.912799,-105.188587
1449,2023-07-16 04:00:00+00:00,0.05304712,0.054,0.053880733,0.05100643,0.04773615,0.05277443,0.054190576,Rocky Flats,39.912799,-105.188587
1450,2023-07-16 05:00:00+00:00,0.05222498,0.056999999999999995,0.051641665,0.049405783,0.04778306,0.0509227,0.045859024,Rocky Flats,39.912799,-105.188587
1451,2023-07-16 06:00:00+00:00,0.05595654,0.059000000000000004,0.051419646,0.047148418,0.046791602,0.04985304,0.04565454,Rocky Flats,39.912799,-105.188587
1452,2023-07-16 07:00:00+00:00,0.057876408,0.056,0.054949023,0.045050226,0.045221206,0.04819686,0.04369479,Rocky Flats,39.912799,-105.188587
1453,2023-07-16 08:00:00+00:00,0.054775115,0.052,0.05665751,0.04481662,0.04598966,0.046208337,0.04064422,Rocky Flats,39.912799,-105.188587
1454,2023-07-16 09:00:00+00:00,0.05114693,0.049,0.05341754,0.047413357,0.044418525,0.045907512,0.040206093,Rocky Flats,39.912799,-105.188587
1455,2023-07-16 10:00:00+00:00,0.04881651,0.047,0.05073652,0.049434233,0.04336687,0.04571192,0.038019087,Rocky Flats,39.912799,-105.188587
1456,2023-07-16 11:00:00+00:00,0.04678389,0.047,0.04808922,0.049072202,0.042558122,0.043596238,0.03799959,Rocky Flats,39.912799,-105.188587
1457,2023-07-16 12:00:00+00:00,0.045556676,0.047,0.04514651,0.04751043,0.04317156,0.041684363,0.038350113,Rocky Flats,39.912799,-105.188587
1458,2023-07-16 13:00:00+00:00,0.045624696,0.042,0.043615192,0.0448987,0.044351675,0.040360585,0.037842214,Rocky Flats,39.912799,-105.188587
1459,2023-07-16 14:00:00+00:00,0.042992722,0.045,0.046911813,0.044715077,0.046919618,0.042685166,0.04161349,Rocky Flats,39.912799,-105.188587
1460,2023-07-16 15:00:00+00:00,0.049586896,0.049,0.048573356,0.04964503,0.05142562,0.048882697,0.048528954,Rocky Flats,39.912799,-105.188587
1461,2023-07-16 16:00:00+00:00,0.054288886,0.053,0.057210557,0.055523053,0.05616616,0.056378286,0.055872105,Rocky Flats,39.912799,-105.188587
1462,2023-07-16 17:00:00+00:00,0.05837831,0.056999999999999995,0.064396426,0.06090677,0.061099164,0.0637583,0.06220477,Rocky Flats,39.912799,-105.188587
1463,2023-07-16 18:00:00+00:00,0.060992833,0.061,0.06855073,0.06630457,0.06590809,0.07160021,0.067014866,Rocky Flats,39.912799,-105.188587
1464,2023-07-16 19:00:00+00:00,0.06366354,0.065,0.067670934,0.069916114,0.06837445,0.07804963,0.07076834,Rocky Flats,39.912799,-105.188587
1465,2023-07-16 20:00:00+00:00,0.06715275,0.067,0.06749043,0.073529646,0.06894985,0.082293876,0.07250383,Rocky Flats,39.912799,-105.188587
1466,2023-07-16 21:00:00+00:00,0.06791817,0.066,0.06986709,0.07384221,0.069982,0.08351927,0.07285511,Rocky Flats,39.912799,-105.188587
1467,2023-07-16 22:00:00+00:00,0.06539489,0.069,0.069139205,0.07361113,0.072810896,0.08127563,0.07328167,Rocky Flats,39.912799,-105.188587
1468,2023-07-16 23:00:00+00:00,0.06879418,0.076,0.0653264,0.07396799,0.07456522,0.07925111,0.0743606,Rocky Flats,39.912799,-105.188587
1469,2023-07-17 00:00:00+00:00,0.07502433,0.081,0.06703871,0.070635155,0.07291127,0.075862765,0.072897956,Rocky Flats,39.912799,-105.188587
1470,2023-07-17 01:00:00+00:00,0.0762461,0.076,0.06923538,0.06539345,0.067812964,0.0686669,0.06741845,Rocky Flats,39.912799,-105.188587
1471,2023-07-17 02:00:00+00:00,0.06977356,0.069,0.06874422,0.06403494,0.062283363,0.06432274,0.06288535,Rocky Flats,39.912799,-105.188587
1472,2023-07-17 03:00:00+00:00,0.06417578,0.069,0.06441697,0.06263918,0.05807882,0.061287027,0.060565807,Rocky Flats,39.912799,-105.188587
1473,2023-07-17 04:00:00+00:00,0.06656552,0.051,0.061074838,0.063670404,0.05489232,0.059289135,0.05892222,Rocky Flats,39.912799,-105.188587
1474,2023-07-17 05:00:00+00:00,0.049650565,0.048,0.064092815,0.060199223,0.05437491,0.057503927,0.059250064,Rocky Flats,39.912799,-105.188587
1475,2023-07-17 06:00:00+00:00,0.049080815,0.047,0.049437914,0.057701357,0.053894468,0.055832457,0.0578557,Rocky Flats,39.912799,-105.188587
1476,2023-07-17 07:00:00+00:00,0.048054334,0.043,0.05063153,0.05903923,0.054262955,0.053385496,0.05666993,Rocky Flats,39.912799,-105.188587
1477,2023-07-17 08:00:00+00:00,0.04421214,0.053,0.04937726,0.050072778,0.05341645,0.05114644,0.0550192,Rocky Flats,39.912799,-105.188587
1478,2023-07-17 09:00:00+00:00,0.052813604,0.049,0.046248287,0.050134543,0.052943762,0.049158707,0.053766087,Rocky Flats,39.912799,-105.188587
1479,2023-07-17 10:00:00+00:00,0.048093986,0.047,0.054527026,0.048747946,0.053368546,0.048398044,0.05303374,Rocky Flats,39.912799,-105.188587
1480,2023-07-17 11:00:00+00:00,0.046281494,0.048,0.04847211,0.04611148,0.04930886,0.048369255,0.05165448,Rocky Flats,39.912799,-105.188587
1481,2023-07-17 12:00:00+00:00,0.046949722,0.044,0.046063118,0.048758265,0.04785817,0.04725479,0.049096983,Rocky Flats,39.912799,-105.188587
1482,2023-07-17 13:00:00+00:00,0.043100547,0.041,0.04547441,0.046916105,0.046354383,0.0469567,0.04599768,Rocky Flats,39.912799,-105.188587
1483,2023-07-17 14:00:00+00:00,0.043324117,0.045,0.045805644,0.049288914,0.045440305,0.048709884,0.044740338,Rocky Flats,39.912799,-105.188587
1484,2023-07-17 15:00:00+00:00,0.049537443,0.049,0.051173206,0.054890174,0.049154226,0.052341662,0.048175078,Rocky Flats,39.912799,-105.188587
1485,2023-07-17 16:00:00+00:00,0.054351002,0.056,0.060131952,0.060047813,0.055004485,0.058199357,0.055231497,Rocky Flats,39.912799,-105.188587
1486,2023-07-17 17:00:00+00:00,0.06121283,0.069,0.06454424,0.06493232,0.06009362,0.06573961,0.060732033,Rocky Flats,39.912799,-105.188587
1487,2023-07-17 18:00:00+00:00,0.074706025,0.069,0.06814028,0.06724512,0.062087417,0.07370947,0.067602694,Rocky Flats,39.912799,-105.188587
1488,2023-07-17 19:00:00+00:00,0.06880236,0.067,0.07677129,0.067167185,0.06130208,0.07825401,0.07498794,Rocky Flats,39.912799,-105.188587
1489,2023-07-17 20:00:00+00:00,0.06689991,0.071,0.06831302,0.064956926,0.058239404,0.079522684,0.07787495,Rocky Flats,39.912799,-105.188587
1490,2023-07-17 21:00:00+00:00,0.07240416,0.073,0.06717942,0.07011667,0.056227725,0.076093294,0.07615629,Rocky Flats,39.912799,-105.188587
1491,2023-07-17 22:00:00+00:00,0.07320089,0.062000000000000006,0.071573265,0.06656585,0.054431953,0.07261135,0.07331224,Rocky Flats,39.912799,-105.188587
1492,2023-07-17 23:00:00+00:00,0.057212655,0.061,0.07166222,0.06362179,0.053915717,0.06832335,0.069717295,Rocky Flats,39.912799,-105.188587
1493,2023-07-18 00:00:00+00:00,0.058580395,0.053,0.05469581,0.06601031,0.05617341,0.06326548,0.06758479,Rocky Flats,39.912799,-105.188587
1494,2023-07-18 01:00:00+00:00,0.052336846,0.045,0.057341013,0.06663562,0.05609615,0.059277706,0.064059794,Rocky Flats,39.912799,-105.188587
1495,2023-07-18 02:00:00+00:00,0.04584407,0.048,0.05260401,0.055650808,0.054948527,0.057414245,0.060208764,Rocky Flats,39.912799,-105.188587
1496,2023-07-18 03:00:00+00:00,0.04844262,0.046,0.048877545,0.05532513,0.05512962,0.0561525,0.058412135,Rocky Flats,39.912799,-105.188587
1497,2023-07-18 04:00:00+00:00,0.046194904,0.046,0.0498917,0.053257328,0.054907143,0.05618381,0.055022076,Rocky Flats,39.912799,-105.188587
1498,2023-07-18 05:00:00+00:00,0.046681575,0.041,0.04839496,0.04827844,0.04942145,0.055020057,0.05027902,Rocky Flats,39.912799,-105.188587
1499,2023-07-18 06:00:00+00:00,0.042225372,0.039,0.0492936,0.049998224,0.049248617,0.05384551,0.047278345,Rocky Flats,39.912799,-105.188587
1500,2023-07-18 07:00:00+00:00,0.040678624,0.039,0.044570163,0.04906548,0.04872257,0.05333136,0.04754252,Rocky Flats,39.912799,-105.188587
1501,2023-07-18 08:00:00+00:00,0.041133907,0.039,0.04350408,0.049967833,0.04812682,0.052970685,0.048566267,Rocky Flats,39.912799,-105.188587
1502,2023-07-18 09:00:00+00:00,0.04097883,0.04,0.043421503,0.04582326,0.04890727,0.050582904,0.05136602,Rocky Flats,39.912799,-105.188587
1503,2023-07-18 10:00:00+00:00,0.041202784,0.042,0.043082885,0.0450261,0.048448067,0.050200548,0.05271656,Rocky Flats,39.912799,-105.188587
1504,2023-07-18 11:00:00+00:00,0.042402126,0.042,0.041815,0.044580676,0.04815253,0.050632816,0.05302675,Rocky Flats,39.912799,-105.188587
1505,2023-07-18 12:00:00+00:00,0.042337343,0.042,0.041836705,0.0427449,0.0464835,0.049278293,0.05208701,Rocky Flats,39.912799,-105.188587
1506,2023-07-18 13:00:00+00:00,0.042121913,0.043,0.041195292,0.04270138,0.045559898,0.049604494,0.050845236,Rocky Flats,39.912799,-105.188587
1507,2023-07-18 14:00:00+00:00,0.04471435,0.045,0.043210894,0.04645931,0.046528414,0.051410995,0.048572347,Rocky Flats,39.912799,-105.188587
1508,2023-07-18 15:00:00+00:00,0.048308026,0.045,0.04955823,0.05093246,0.049569115,0.05462283,0.053458992,Rocky Flats,39.912799,-105.188587
1509,2023-07-18 16:00:00+00:00,0.048419207,0.045,0.05621924,0.055154856,0.052940972,0.058076624,0.061928574,Rocky Flats,39.912799,-105.188587
1510,2023-07-18 17:00:00+00:00,0.047200434,0.045,0.057192788,0.05908074,0.05282671,0.060960915,0.06750483,Rocky Flats,39.912799,-105.188587
1511,2023-07-18 18:00:00+00:00,0.046838153,0.044,0.051929306,0.06198917,0.05013029,0.06251773,0.07142536,Rocky Flats,39.912799,-105.188587
1512,2023-07-18 19:00:00+00:00,0.045223124,0.045,0.048805803,0.06148285,0.048532773,0.062486652,0.07168144,Rocky Flats,39.912799,-105.188587
1513,2023-07-18 20:00:00+00:00,0.04625989,0.049,0.04661114,0.056898348,0.047735624,0.062108126,0.0674383,Rocky Flats,39.912799,-105.188587
1514,2023-07-18 21:00:00+00:00,0.05040135,0.048,0.048221607,0.05371901,0.047257494,0.060860593,0.06603453,Rocky Flats,39.912799,-105.188587
1515,2023-07-18 22:00:00+00:00,0.048378464,0.05,0.051392943,0.04880448,0.047094155,0.05868316,0.06409608,Rocky Flats,39.912799,-105.188587
1516,2023-07-18 23:00:00+00:00,0.0496253,0.048,0.04847429,0.047304537,0.04724391,0.056489453,0.06088325,Rocky Flats,39.912799,-105.188587
1517,2023-07-19 00:00:00+00:00,0.04647685,0.051,0.04876729,0.046661727,0.047050856,0.054526094,0.05779186,Rocky Flats,39.912799,-105.188587
1518,2023-07-19 01:00:00+00:00,0.050863497,0.054,0.044519935,0.046035096,0.048198834,0.053367317,0.056537904,Rocky Flats,39.912799,-105.188587
1519,2023-07-19 02:00:00+00:00,0.05341688,0.05,0.04787229,0.042792786,0.049456004,0.052832786,0.053952772,Rocky Flats,39.912799,-105.188587
1520,2023-07-19 03:00:00+00:00,0.047401316,0.046,0.050514646,0.041335143,0.047243275,0.050587732,0.05207954,Rocky Flats,39.912799,-105.188587
1521,2023-07-19 04:00:00+00:00,0.044718098,0.042,0.04579428,0.04530103,0.046409026,0.049148604,0.05108821,Rocky Flats,39.912799,-105.188587
1522,2023-07-19 05:00:00+00:00,0.04180087,0.042,0.044276,0.04705515,0.043855235,0.048527136,0.049958546,Rocky Flats,39.912799,-105.188587
1523,2023-07-19 06:00:00+00:00,0.0421207,0.043,0.04288761,0.045086414,0.0420283,0.04864578,0.04883209,Rocky Flats,39.912799,-105.188587
1524,2023-07-19 07:00:00+00:00,0.043254763,0.046,0.043161266,0.043119147,0.041329395,0.048539493,0.048064847,Rocky Flats,39.912799,-105.188587
1525,2023-07-19 08:00:00+00:00,0.045961984,0.044,0.044688974,0.043988675,0.0422047,0.048316628,0.046888668,Rocky Flats,39.912799,-105.188587
1526,2023-07-19 09:00:00+00:00,0.043555286,0.046,0.046247926,0.04331243,0.042655688,0.047670938,0.04689138,Rocky Flats,39.912799,-105.188587
1527,2023-07-19 10:00:00+00:00,0.04590491,0.04,0.04363001,0.04574894,0.04218776,0.04625946,0.046240766,Rocky Flats,39.912799,-105.188587
1528,2023-07-19 11:00:00+00:00,0.039627057,0.043,0.046016645,0.04584724,0.042411685,0.043052875,0.04569689,Rocky Flats,39.912799,-105.188587
1529,2023-07-19 12:00:00+00:00,0.04264041,0.048,0.038821954,0.044645708,0.04088412,0.04224575,0.04245025,Rocky Flats,39.912799,-105.188587
1530,2023-07-19 13:00:00+00:00,0.047195476,0.049,0.042288598,0.04370892,0.04124123,0.041179884,0.041482434,Rocky Flats,39.912799,-105.188587
1531,2023-07-19 14:00:00+00:00,0.047565326,0.048,0.04744222,0.04035843,0.040564857,0.04052354,0.040890913,Rocky Flats,39.912799,-105.188587
1532,2023-07-19 15:00:00+00:00,0.04849276,0.045,0.04862691,0.044398557,0.040517896,0.043739796,0.03998236,Rocky Flats,39.912799,-105.188587
1533,2023-07-19 16:00:00+00:00,0.045825947,0.045,0.052248027,0.05042579,0.04263734,0.046438437,0.044445246,Rocky Flats,39.912799,-105.188587
1534,2023-07-19 17:00:00+00:00,0.04819639,0.045,0.051342133,0.053398218,0.04428403,0.05102277,0.0476116,Rocky Flats,39.912799,-105.188587
1535,2023-07-19 18:00:00+00:00,0.04695946,0.049,0.05447686,0.05761423,0.048408706,0.055779424,0.05197959,Rocky Flats,39.912799,-105.188587
1536,2023-07-19 19:00:00+00:00,0.050694708,0.053,0.05096292,0.05665326,0.05192016,0.061530262,0.05741938,Rocky Flats,39.912799,-105.188587
1537,2023-07-19 20:00:00+00:00,0.05383805,0.048,0.053826615,0.054919135,0.05312301,0.06621038,0.064825535,Rocky Flats,39.912799,-105.188587
1538,2023-07-19 21:00:00+00:00,0.046919078,0.044,0.05458969,0.047624096,0.05400886,0.06837972,0.07170873,Rocky Flats,39.912799,-105.188587
1539,2023-07-19 22:00:00+00:00,0.043707337,0.047,0.047977053,0.04748125,0.053087767,0.06733819,0.07682272,Rocky Flats,39.912799,-105.188587
1540,2023-07-19 23:00:00+00:00,0.047741845,0.053,0.04475572,0.04698802,0.051561296,0.06524144,0.076524734,Rocky Flats,39.912799,-105.188587
1541,2023-07-20 00:00:00+00:00,0.05382514,0.054,0.046200734,0.04211145,0.0484496,0.062033545,0.070286155,Rocky Flats,39.912799,-105.188587
1542,2023-07-20 01:00:00+00:00,0.052090622,0.051,0.05085706,0.04034572,0.047845624,0.058740392,0.066826455,Rocky Flats,39.912799,-105.188587
1543,2023-07-20 02:00:00+00:00,0.04813169,0.048,0.048616424,0.041857943,0.047341354,0.05553173,0.059462503,Rocky Flats,39.912799,-105.188587
1544,2023-07-20 03:00:00+00:00,0.045595184,0.05,0.04561577,0.044830605,0.04488146,0.05189063,0.054359794,Rocky Flats,39.912799,-105.188587
1545,2023-07-20 04:00:00+00:00,0.04882811,0.052,0.044234253,0.046692833,0.043181986,0.04808068,0.050425146,Rocky Flats,39.912799,-105.188587
1546,2023-07-20 05:00:00+00:00,0.050786313,0.042,0.0476136,0.04524119,0.041727982,0.046251148,0.04638951,Rocky Flats,39.912799,-105.188587
1547,2023-07-20 06:00:00+00:00,0.040704533,0.04,0.049217235,0.0435411,0.04115504,0.043957155,0.04456629,Rocky Flats,39.912799,-105.188587
1548,2023-07-20 07:00:00+00:00,0.040269427,0.038,0.04014333,0.043897644,0.040515233,0.040389393,0.04270525,Rocky Flats,39.912799,-105.188587
1549,2023-07-20 08:00:00+00:00,0.038489386,0.038,0.040592663,0.0433005,0.041130416,0.03939502,0.042871945,Rocky Flats,39.912799,-105.188587
1550,2023-07-20 09:00:00+00:00,0.037815217,0.056999999999999995,0.03844478,0.03791703,0.04234497,0.040757257,0.041080106,Rocky Flats,39.912799,-105.188587
1551,2023-07-20 10:00:00+00:00,0.055954177,0.056999999999999995,0.037958603,0.035873104,0.043164592,0.040966768,0.04039304,Rocky Flats,39.912799,-105.188587
1552,2023-07-20 11:00:00+00:00,0.05454962,0.05800000000000001,0.05637202,0.032636862,0.043371458,0.039668187,0.038042404,Rocky Flats,39.912799,-105.188587
1553,2023-07-20 12:00:00+00:00,0.05420268,0.048,0.051508676,0.031428173,0.041397046,0.039559674,0.03382779,Rocky Flats,39.912799,-105.188587
1554,2023-07-20 13:00:00+00:00,0.043965746,0.045,0.051896647,0.0405153,0.040991634,0.040902197,0.03214331,Rocky Flats,39.912799,-105.188587
1555,2023-07-20 14:00:00+00:00,0.043238644,0.037,0.044071626,0.04532577,0.041068576,0.043568466,0.034668636,Rocky Flats,39.912799,-105.188587
1556,2023-07-20 15:00:00+00:00,0.03776791,0.039,0.048004676,0.049598277,0.0435761,0.047216292,0.039471183,Rocky Flats,39.912799,-105.188587
1557,2023-07-20 16:00:00+00:00,0.042801913,0.046,0.045838095,0.052801054,0.051614888,0.051755123,0.047559272,Rocky Flats,39.912799,-105.188587
1558,2023-07-20 17:00:00+00:00,0.049972806,0.052,0.053667687,0.058775127,0.05800082,0.057469722,0.055814758,Rocky Flats,39.912799,-105.188587
1559,2023-07-20 18:00:00+00:00,0.05571919,0.063,0.057734255,0.06253086,0.06503749,0.063249566,0.06490017,Rocky Flats,39.912799,-105.188587
1560,2023-07-20 19:00:00+00:00,0.065841965,0.071,0.06215316,0.06729991,0.069104016,0.0691867,0.07433416,Rocky Flats,39.912799,-105.188587
1561,2023-07-20 20:00:00+00:00,0.07002458,0.076,0.066999614,0.062341,0.07331522,0.07569739,0.07876664,Rocky Flats,39.912799,-105.188587
1562,2023-07-20 21:00:00+00:00,0.07303604,0.071,0.065596804,0.064376876,0.07353194,0.078459345,0.0765463,Rocky Flats,39.912799,-105.188587
1563,2023-07-20 22:00:00+00:00,0.066951804,0.066,0.06686809,0.062446244,0.07398055,0.080093615,0.07138436,Rocky Flats,39.912799,-105.188587
1564,2023-07-20 23:00:00+00:00,0.06231875,0.067,0.06269058,0.061307814,0.068991914,0.07972377,0.06326913,Rocky Flats,39.912799,-105.188587
1565,2023-07-21 00:00:00+00:00,0.06485826,0.053,0.058386143,0.061124366,0.067801505,0.07417077,0.055833444,Rocky Flats,39.912799,-105.188587
1566,2023-07-21 01:00:00+00:00,0.04804243,0.048,0.059992775,0.058601752,0.062299587,0.06967621,0.054468844,Rocky Flats,39.912799,-105.188587
1567,2023-07-21 02:00:00+00:00,0.04578083,0.037,0.046468534,0.054942366,0.058441468,0.06369637,0.05233739,Rocky Flats,39.912799,-105.188587
1568,2023-07-21 03:00:00+00:00,0.034430556,0.033,0.04592208,0.05514308,0.055465743,0.056658387,0.050823852,Rocky Flats,39.912799,-105.188587
1569,2023-07-21 04:00:00+00:00,0.03192637,0.031000000000000003,0.03663555,0.05226342,0.05248205,0.053584684,0.04841925,Rocky Flats,39.912799,-105.188587
1570,2023-07-21 05:00:00+00:00,0.02983963,0.026,0.035940945,0.047608957,0.05029922,0.04830588,0.046670895,Rocky Flats,39.912799,-105.188587
1571,2023-07-21 06:00:00+00:00,0.025109809,0.025,0.03397642,0.037416745,0.04777656,0.04663812,0.045116663,Rocky Flats,39.912799,-105.188587
1572,2023-07-21 07:00:00+00:00,0.024879906,0.033,0.030043028,0.031327672,0.041366275,0.045867298,0.044458006,Rocky Flats,39.912799,-105.188587
1573,2023-07-21 08:00:00+00:00,0.0325366,0.021,0.029262016,0.030118598,0.0371394,0.04444799,0.042223163,Rocky Flats,39.912799,-105.188587
1574,2023-07-21 09:00:00+00:00,0.020695511,0.023,0.03493351,0.028509635,0.032988086,0.042360734,0.04293871,Rocky Flats,39.912799,-105.188587
1575,2023-07-21 10:00:00+00:00,0.02334313,0.022,0.023927003,0.027135385,0.031451095,0.04224448,0.039541956,Rocky Flats,39.912799,-105.188587
1576,2023-07-21 11:00:00+00:00,0.02215697,0.019,0.026593693,0.028914541,0.026856733,0.040128756,0.035480693,Rocky Flats,39.912799,-105.188587
1577,2023-07-21 12:00:00+00:00,0.019771371,0.019,0.023951009,0.02447099,0.022689652,0.03706047,0.03510245,Rocky Flats,39.912799,-105.188587
1578,2023-07-21 13:00:00+00:00,0.021144323,0.018,0.022466958,0.023848992,0.022092052,0.03624255,0.039284673,Rocky Flats,39.912799,-105.188587
1579,2023-07-21 14:00:00+00:00,0.02227776,0.02,0.026007494,0.028426286,0.026557572,0.039563555,0.043436777,Rocky Flats,39.912799,-105.188587
1580,2023-07-21 15:00:00+00:00,0.025939057,0.025,0.031036515,0.039027218,0.031240432,0.04585043,0.050245672,Rocky Flats,39.912799,-105.188587
1581,2023-07-21 16:00:00+00:00,0.031252686,0.029000000000000005,0.038558967,0.05141213,0.04127037,0.050615985,0.05691101,Rocky Flats,39.912799,-105.188587
1582,2023-07-21 17:00:00+00:00,0.035809018,0.045,0.04397775,0.059354052,0.052114706,0.053847138,0.06307804,Rocky Flats,39.912799,-105.188587
1583,2023-07-21 18:00:00+00:00,0.05575998,0.059000000000000004,0.048687514,0.06517691,0.06100953,0.05661968,0.065855764,Rocky Flats,39.912799,-105.188587
1584,2023-07-21 19:00:00+00:00,0.0665398,0.068,0.06502577,0.06717487,0.06866131,0.05928481,0.067627266,Rocky Flats,39.912799,-105.188587
1585,2023-07-21 20:00:00+00:00,0.07142814,0.074,0.07128381,0.07026646,0.07116066,0.06292764,0.0712323,Rocky Flats,39.912799,-105.188587
1586,2023-07-21 21:00:00+00:00,0.075203106,0.077,0.0729239,0.07381695,0.07480975,0.06602457,0.07372583,Rocky Flats,39.912799,-105.188587
1587,2023-07-21 22:00:00+00:00,0.0761345,0.076,0.07493582,0.076648,0.074368484,0.0688981,0.07551408,Rocky Flats,39.912799,-105.188587
1588,2023-07-21 23:00:00+00:00,0.07358445,0.069,0.07474935,0.077922136,0.07498675,0.073257916,0.076249756,Rocky Flats,39.912799,-105.188587
1589,2023-07-22 00:00:00+00:00,0.06364843,0.074,0.07131857,0.07817296,0.07658205,0.07480097,0.075412065,Rocky Flats,39.912799,-105.188587
1590,2023-07-22 01:00:00+00:00,0.070582226,0.061,0.06089082,0.074506484,0.07419105,0.0728304,0.07509042,Rocky Flats,39.912799,-105.188587
1591,2023-07-22 02:00:00+00:00,0.05511565,0.05,0.066692695,0.06625236,0.07034425,0.06731001,0.07153473,Rocky Flats,39.912799,-105.188587
1592,2023-07-22 03:00:00+00:00,0.047170945,0.047,0.053074747,0.055784214,0.06645426,0.061630845,0.065528214,Rocky Flats,39.912799,-105.188587
1593,2023-07-22 04:00:00+00:00,0.045813672,0.051,0.04661295,0.05647498,0.06299073,0.057528153,0.061929576,Rocky Flats,39.912799,-105.188587
1594,2023-07-22 05:00:00+00:00,0.049984407,0.052,0.045615666,0.049213257,0.05933776,0.058198318,0.05760413,Rocky Flats,39.912799,-105.188587
1595,2023-07-22 06:00:00+00:00,0.050633185,0.043,0.049556438,0.044667587,0.053750705,0.058802683,0.056206517,Rocky Flats,39.912799,-105.188587
1596,2023-07-22 07:00:00+00:00,0.042034585,0.043,0.049301144,0.041334912,0.057141855,0.058258638,0.055651348,Rocky Flats,39.912799,-105.188587
1597,2023-07-22 08:00:00+00:00,0.042768255,0.045,0.042154536,0.04087043,0.048803885,0.056960024,0.05516176,Rocky Flats,39.912799,-105.188587
1598,2023-07-22 09:00:00+00:00,0.044642687,0.044,0.04279661,0.040779307,0.04265453,0.05384918,0.05420655,Rocky Flats,39.912799,-105.188587
1599,2023-07-22 10:00:00+00:00,0.043021902,0.042,0.044113003,0.03670589,0.040574253,0.047547784,0.052404746,Rocky Flats,39.912799,-105.188587
1600,2023-07-22 11:00:00+00:00,0.0405462,0.042,0.042721394,0.036273807,0.037378766,0.046936385,0.049982324,Rocky Flats,39.912799,-105.188587
1601,2023-07-22 12:00:00+00:00,0.040225126,0.042,0.039943203,0.037047524,0.03579383,0.043543793,0.04845167,Rocky Flats,39.912799,-105.188587
1602,2023-07-22 13:00:00+00:00,0.040684063,0.041,0.039532408,0.036768306,0.03463216,0.041108362,0.048100166,Rocky Flats,39.912799,-105.188587
1603,2023-07-22 14:00:00+00:00,0.04230934,0.036,0.04226576,0.038267333,0.03786948,0.044316236,0.04751285,Rocky Flats,39.912799,-105.188587
1604,2023-07-22 15:00:00+00:00,0.040273275,0.042,0.04766112,0.043692574,0.04371446,0.050250042,0.04570562,Rocky Flats,39.912799,-105.188587
1605,2023-07-22 16:00:00+00:00,0.049041167,0.05,0.050745502,0.05093756,0.05069256,0.057145342,0.05659824,Rocky Flats,39.912799,-105.188587
1606,2023-07-22 17:00:00+00:00,0.056804024,0.055,0.060002603,0.058667086,0.058070596,0.06469574,0.06353045,Rocky Flats,39.912799,-105.188587
1607,2023-07-22 18:00:00+00:00,0.05898571,0.055,0.06633355,0.06318301,0.064160064,0.071856216,0.06831368,Rocky Flats,39.912799,-105.188587
1608,2023-07-22 19:00:00+00:00,0.056051012,0.059000000000000004,0.06625087,0.066661224,0.067613795,0.076864876,0.07053117,Rocky Flats,39.912799,-105.188587
1609,2023-07-22 20:00:00+00:00,0.061507884,0.05800000000000001,0.059791278,0.070158176,0.06862185,0.0790218,0.071500234,Rocky Flats,39.912799,-105.188587
1610,2023-07-22 21:00:00+00:00,0.058382384,0.059000000000000004,0.064890906,0.07201186,0.0664621,0.07952271,0.071051694,Rocky Flats,39.912799,-105.188587
1611,2023-07-22 22:00:00+00:00,0.059885778,0.056999999999999995,0.060376123,0.069693014,0.066311024,0.07838497,0.06901529,Rocky Flats,39.912799,-105.188587
1612,2023-07-22 23:00:00+00:00,0.05653012,0.05800000000000001,0.061323036,0.06893977,0.065537766,0.07619527,0.066242024,Rocky Flats,39.912799,-105.188587
1613,2023-07-23 00:00:00+00:00,0.05735133,0.05800000000000001,0.05632825,0.063402005,0.06249497,0.07281961,0.063129544,Rocky Flats,39.912799,-105.188587
1614,2023-07-23 01:00:00+00:00,0.055797927,0.06,0.056121834,0.059054356,0.05794905,0.06476726,0.058853418,Rocky Flats,39.912799,-105.188587
1615,2023-07-23 02:00:00+00:00,0.058386724,0.056999999999999995,0.05349883,0.05377305,0.05644756,0.05781605,0.055702157,Rocky Flats,39.912799,-105.188587
1616,2023-07-23 03:00:00+00:00,0.05409202,0.056,0.05534875,0.051555607,0.054526355,0.05363646,0.054344893,Rocky Flats,39.912799,-105.188587
1617,2023-07-23 04:00:00+00:00,0.05406473,0.05,0.051973414,0.049847394,0.053832203,0.051278137,0.053939946,Rocky Flats,39.912799,-105.188587
1618,2023-07-23 05:00:00+00:00,0.048397318,0.054,0.052730955,0.050344467,0.051258042,0.04816961,0.05290011,Rocky Flats,39.912799,-105.188587
1619,2023-07-23 06:00:00+00:00,0.053565793,0.053,0.048058443,0.048183743,0.04943846,0.04645003,0.050182875,Rocky Flats,39.912799,-105.188587
1620,2023-07-23 07:00:00+00:00,0.052305903,0.051,0.053206418,0.047994103,0.046622526,0.044930864,0.048717737,Rocky Flats,39.912799,-105.188587
1621,2023-07-23 08:00:00+00:00,0.05061617,0.048,0.051839232,0.045766514,0.047024846,0.044317454,0.050996084,Rocky Flats,39.912799,-105.188587
1622,2023-07-23 09:00:00+00:00,0.04758471,0.047,0.05090485,0.04962972,0.045489,0.044479262,0.051207393,Rocky Flats,39.912799,-105.188587
1623,2023-07-23 10:00:00+00:00,0.04633303,0.047,0.046813603,0.049440645,0.045135424,0.04586962,0.048032127,Rocky Flats,39.912799,-105.188587
1624,2023-07-23 11:00:00+00:00,0.04640919,0.051,0.04574826,0.0487492,0.043622155,0.04579087,0.046404026,Rocky Flats,39.912799,-105.188587
1625,2023-07-23 12:00:00+00:00,0.049219664,0.05,0.045580436,0.04498556,0.044000126,0.045577556,0.04518744,Rocky Flats,39.912799,-105.188587
1626,2023-07-23 13:00:00+00:00,0.04788372,0.045,0.04884416,0.04370901,0.044324365,0.044738695,0.043673392,Rocky Flats,39.912799,-105.188587
1627,2023-07-23 14:00:00+00:00,0.04544188,0.046,0.04993905,0.046457835,0.045689914,0.04629249,0.043755148,Rocky Flats,39.912799,-105.188587
1628,2023-07-23 15:00:00+00:00,0.050132163,0.05,0.051393513,0.05306388,0.04824676,0.049571496,0.04778595,Rocky Flats,39.912799,-105.188587
1629,2023-07-23 16:00:00+00:00,0.054854404,0.054,0.058830716,0.05886151,0.053677052,0.054785278,0.053336337,Rocky Flats,39.912799,-105.188587
1630,2023-07-23 17:00:00+00:00,0.057733692,0.054,0.0639643,0.063981585,0.059392642,0.060361926,0.057255697,Rocky Flats,39.912799,-105.188587
1631,2023-07-23 18:00:00+00:00,0.05619333,0.055,0.06385243,0.067972735,0.06362126,0.06546125,0.05923115,Rocky Flats,39.912799,-105.188587
1632,2023-07-23 19:00:00+00:00,0.05673938,0.056,0.060520735,0.06869378,0.065806895,0.06910432,0.06013123,Rocky Flats,39.912799,-105.188587
1633,2023-07-23 20:00:00+00:00,0.057749107,0.056999999999999995,0.06030438,0.06621783,0.0663168,0.07041381,0.05906369,Rocky Flats,39.912799,-105.188587
1634,2023-07-23 21:00:00+00:00,0.058295403,0.05800000000000001,0.06150735,0.063904025,0.06511295,0.06963327,0.05821645,Rocky Flats,39.912799,-105.188587
1635,2023-07-23 22:00:00+00:00,0.05927039,0.055,0.06124769,0.06414155,0.06492677,0.06949854,0.05829849,Rocky Flats,39.912799,-105.188587
1636,2023-07-23 23:00:00+00:00,0.05460702,0.059000000000000004,0.061457485,0.06335574,0.06288204,0.06799746,0.059264377,Rocky Flats,39.912799,-105.188587
1637,2023-07-24 00:00:00+00:00,0.05714679,0.055,0.055357676,0.06218457,0.06130959,0.065403275,0.060463697,Rocky Flats,39.912799,-105.188587
1638,2023-07-24 01:00:00+00:00,0.052291878,0.05,0.05562894,0.061160453,0.059440814,0.0614343,0.05857258,Rocky Flats,39.912799,-105.188587
1639,2023-07-24 02:00:00+00:00,0.0493746,0.046,0.050331082,0.05478799,0.05691483,0.058871992,0.055006027,Rocky Flats,39.912799,-105.188587
1640,2023-07-24 03:00:00+00:00,0.04536507,0.048,0.049201015,0.05072399,0.054847684,0.05703353,0.054179925,Rocky Flats,39.912799,-105.188587
1641,2023-07-24 04:00:00+00:00,0.047962725,0.045,0.046414867,0.04937338,0.054113008,0.055009525,0.051716372,Rocky Flats,39.912799,-105.188587
1642,2023-07-24 05:00:00+00:00,0.044975102,0.046,0.048941758,0.049275726,0.05203201,0.05351934,0.049235713,Rocky Flats,39.912799,-105.188587
1643,2023-07-24 06:00:00+00:00,0.046734232,0.046,0.046870556,0.044793855,0.04935397,0.052135594,0.046722498,Rocky Flats,39.912799,-105.188587
1644,2023-07-24 07:00:00+00:00,0.046909794,0.048,0.048816364,0.047091365,0.047606103,0.051238652,0.04616149,Rocky Flats,39.912799,-105.188587
1645,2023-07-24 08:00:00+00:00,0.048558205,0.049,0.04836411,0.046246532,0.047072694,0.050740536,0.047151327,Rocky Flats,39.912799,-105.188587
1646,2023-07-24 09:00:00+00:00,0.049226455,0.048,0.04915846,0.048485477,0.045878258,0.04936857,0.047985367,Rocky Flats,39.912799,-105.188587
1647,2023-07-24 10:00:00+00:00,0.04804243,0.047,0.049329802,0.048083827,0.045638148,0.048209257,0.049396608,Rocky Flats,39.912799,-105.188587
1648,2023-07-24 11:00:00+00:00,0.046428565,0.048,0.04755714,0.0473842,0.04447339,0.046693318,0.048627358,Rocky Flats,39.912799,-105.188587
1649,2023-07-24 12:00:00+00:00,0.047022924,0.046,0.045319404,0.04629816,0.044626996,0.046159353,0.048032816,Rocky Flats,39.912799,-105.188587
1650,2023-07-24 13:00:00+00:00,0.04441775,0.045,0.046116553,0.04560229,0.044761915,0.045663424,0.047929693,Rocky Flats,39.912799,-105.188587
1651,2023-07-24 14:00:00+00:00,0.045455813,0.0455,0.045911018,0.04752168,0.045838278,0.047670953,0.049553934,Rocky Flats,39.912799,-105.188587
1652,2023-07-24 15:00:00+00:00,0.048643697,0.046,0.050440174,0.052093256,0.048886273,0.05115778,0.050977312,Rocky Flats,39.912799,-105.188587
1653,2023-07-24 16:00:00+00:00,0.05006738,0.054,0.055954285,0.05550856,0.053236213,0.056368295,0.056800466,Rocky Flats,39.912799,-105.188587
1654,2023-07-24 17:00:00+00:00,0.059465107,0.063,0.059142068,0.059078075,0.057063237,0.061291166,0.060129754,Rocky Flats,39.912799,-105.188587
1655,2023-07-24 18:00:00+00:00,0.067532204,0.066,0.06727774,0.061569154,0.058651432,0.06482422,0.064994454,Rocky Flats,39.912799,-105.188587
1656,2023-07-24 19:00:00+00:00,0.06745186,0.07,0.07139295,0.061103396,0.05805372,0.06645158,0.07017695,Rocky Flats,39.912799,-105.188587
1657,2023-07-24 20:00:00+00:00,0.071633175,0.073,0.06822222,0.06376582,0.056718837,0.065499954,0.072529845,Rocky Flats,39.912799,-105.188587
1658,2023-07-24 21:00:00+00:00,0.07344303,0.074,0.07128032,0.07054207,0.05481819,0.061405953,0.072488874,Rocky Flats,39.912799,-105.188587
1659,2023-07-24 22:00:00+00:00,0.073537014,0.076,0.071646966,0.068455696,0.054300252,0.058376838,0.069044806,Rocky Flats,39.912799,-105.188587
1660,2023-07-24 23:00:00+00:00,0.074667074,0.063,0.07070316,0.070304416,0.05522123,0.05630024,0.06692827,Rocky Flats,39.912799,-105.188587
1661,2023-07-25 00:00:00+00:00,0.058044054,0.063,0.07024282,0.06998557,0.05744934,0.053960923,0.063304536,Rocky Flats,39.912799,-105.188587
1662,2023-07-25 01:00:00+00:00,0.059931748,0.06,0.05480004,0.068281084,0.057732165,0.050721943,0.06023788,Rocky Flats,39.912799,-105.188587
1663,2023-07-25 02:00:00+00:00,0.05835754,0.056999999999999995,0.05824267,0.067654714,0.057177644,0.048941348,0.057865165,Rocky Flats,39.912799,-105.188587
1664,2023-07-25 03:00:00+00:00,0.054625135,0.054,0.05609314,0.056005016,0.055139933,0.049693335,0.055781934,Rocky Flats,39.912799,-105.188587
1665,2023-07-25 04:00:00+00:00,0.05246722,0.054,0.05423666,0.05695227,0.053305414,0.05079247,0.05417024,Rocky Flats,39.912799,-105.188587
1666,2023-07-25 05:00:00+00:00,0.053187676,0.052,0.05255239,0.054522663,0.052588068,0.052323427,0.052553542,Rocky Flats,39.912799,-105.188587
1667,2023-07-25 06:00:00+00:00,0.05136113,0.048,0.053584225,0.05245665,0.04835847,0.053696603,0.04987827,Rocky Flats,39.912799,-105.188587
1668,2023-07-25 07:00:00+00:00,0.047827817,0.047,0.052180063,0.051187783,0.048329376,0.054262597,0.049087852,Rocky Flats,39.912799,-105.188587
1669,2023-07-25 08:00:00+00:00,0.047377717,0.045,0.048882287,0.05124796,0.05049826,0.053616896,0.048210904,Rocky Flats,39.912799,-105.188587
1670,2023-07-25 09:00:00+00:00,0.045556426,0.044,0.049078096,0.05059836,0.04996837,0.05205287,0.04973323,Rocky Flats,39.912799,-105.188587
1671,2023-07-25 10:00:00+00:00,0.043652922,0.048,0.04638605,0.048284356,0.0491637,0.048354775,0.049464423,Rocky Flats,39.912799,-105.188587
1672,2023-07-25 11:00:00+00:00,0.046827056,0.049,0.04387023,0.047237065,0.047709856,0.04839218,0.04927348,Rocky Flats,39.912799,-105.188587
1673,2023-07-25 12:00:00+00:00,0.047099624,0.044,0.04578002,0.044125214,0.046293743,0.047351696,0.04841752,Rocky Flats,39.912799,-105.188587
1674,2023-07-25 13:00:00+00:00,0.041972887,0.044,0.046727408,0.042784553,0.044740137,0.046401873,0.047702853,Rocky Flats,39.912799,-105.188587
1675,2023-07-25 14:00:00+00:00,0.04493952,0.046,0.046008073,0.04728728,0.0460831,0.047539607,0.04981741,Rocky Flats,39.912799,-105.188587
1676,2023-07-25 15:00:00+00:00,0.049080312,0.046,0.05273253,0.054102365,0.049808826,0.050709654,0.051016357,Rocky Flats,39.912799,-105.188587
1677,2023-07-25 16:00:00+00:00,0.049472116,0.043,0.058288854,0.0585097,0.056035917,0.055975914,0.05732797,Rocky Flats,39.912799,-105.188587
1678,2023-07-25 17:00:00+00:00,0.046823155,0.054,0.059709426,0.0638105,0.06255232,0.06300386,0.06359712,Rocky Flats,39.912799,-105.188587
1679,2023-07-25 18:00:00+00:00,0.058838945,0.053,0.05492235,0.065423645,0.06597022,0.07044673,0.06920898,Rocky Flats,39.912799,-105.188587
1680,2023-07-25 19:00:00+00:00,0.05419302,0.053,0.063179635,0.06246463,0.06736919,0.075524345,0.07152491,Rocky Flats,39.912799,-105.188587
1681,2023-07-25 20:00:00+00:00,0.0527688,0.055,0.05671501,0.053711317,0.06785213,0.07631841,0.07138726,Rocky Flats,39.912799,-105.188587
1682,2023-07-25 21:00:00+00:00,0.05601223,0.056,0.054660607,0.0550535,0.06584065,0.074055426,0.07123733,Rocky Flats,39.912799,-105.188587
1683,2023-07-25 22:00:00+00:00,0.056566156,0.059000000000000004,0.05722547,0.050941203,0.06274409,0.06982248,0.07016315,Rocky Flats,39.912799,-105.188587
1684,2023-07-25 23:00:00+00:00,0.05953879,0.064,0.05641618,0.048172493,0.055910427,0.06762838,0.0686949,Rocky Flats,39.912799,-105.188587
1685,2023-07-26 00:00:00+00:00,0.06256535,0.061,0.05771304,0.049617328,0.055556376,0.06495643,0.06687637,Rocky Flats,39.912799,-105.188587
1686,2023-07-26 01:00:00+00:00,0.059407685,0.05800000000000001,0.0573313,0.05370747,0.051244482,0.06165391,0.06463457,Rocky Flats,39.912799,-105.188587
1687,2023-07-26 02:00:00+00:00,0.055862974,0.056,0.05666453,0.055889666,0.04901563,0.057819404,0.060964093,Rocky Flats,39.912799,-105.188587
1688,2023-07-26 03:00:00+00:00,0.054299127,0.055,0.053212166,0.055186212,0.047137942,0.051790945,0.05906526,Rocky Flats,39.912799,-105.188587
1689,2023-07-26 04:00:00+00:00,0.05383267,0.05,0.052666046,0.053721417,0.04662245,0.05194539,0.056317206,Rocky Flats,39.912799,-105.188587
1690,2023-07-26 05:00:00+00:00,0.04903866,0.05,0.052474484,0.05256151,0.046138916,0.05001875,0.054972645,Rocky Flats,39.912799,-105.188587
1691,2023-07-26 06:00:00+00:00,0.049770426,0.052,0.049470093,0.05279365,0.044753138,0.049165934,0.051754877,Rocky Flats,39.912799,-105.188587
1692,2023-07-26 07:00:00+00:00,0.052034378,0.052,0.050831206,0.052739486,0.04589746,0.048961796,0.04916534,Rocky Flats,39.912799,-105.188587
1693,2023-07-26 08:00:00+00:00,0.051549423,0.053,0.05245962,0.050044432,0.047525015,0.05006445,0.044693917,Rocky Flats,39.912799,-105.188587
1694,2023-07-26 09:00:00+00:00,0.052616674,0.051,0.052437738,0.05170188,0.04832036,0.05085881,0.047315042,Rocky Flats,39.912799,-105.188587
1695,2023-07-26 10:00:00+00:00,0.050845835,0.05800000000000001,0.053130135,0.052622974,0.048774038,0.051644113,0.04719974,Rocky Flats,39.912799,-105.188587
1696,2023-07-26 11:00:00+00:00,0.056915622,0.056999999999999995,0.05061492,0.051972684,0.04919152,0.051517025,0.046833485,Rocky Flats,39.912799,-105.188587
1697,2023-07-26 12:00:00+00:00,0.05475888,0.056,0.05533826,0.05180393,0.050907437,0.05071766,0.04618475,Rocky Flats,39.912799,-105.188587
1698,2023-07-26 13:00:00+00:00,0.053305075,0.052,0.05316017,0.049759917,0.05277567,0.051163908,0.046019785,Rocky Flats,39.912799,-105.188587
1699,2023-07-26 14:00:00+00:00,0.051098004,0.053,0.05387752,0.05369274,0.054221008,0.05372495,0.04660746,Rocky Flats,39.912799,-105.188587
1700,2023-07-26 15:00:00+00:00,0.054692123,0.056,0.054879356,0.057101108,0.056063566,0.057173405,0.04831177,Rocky Flats,39.912799,-105.188587
1701,2023-07-26 16:00:00+00:00,0.05962722,0.06,0.06184354,0.060904507,0.05728072,0.060785305,0.058370758,Rocky Flats,39.912799,-105.188587
1702,2023-07-26 17:00:00+00:00,0.06381871,0.068,0.06683844,0.0650758,0.05870773,0.064264715,0.06725508,Rocky Flats,39.912799,-105.188587
1703,2023-07-26 18:00:00+00:00,0.07212451,0.074,0.069466986,0.06918537,0.058135025,0.06712441,0.07654537,Rocky Flats,39.912799,-105.188587
1704,2023-07-26 19:00:00+00:00,0.0760537,0.068,0.07468271,0.072197996,0.057005893,0.06949488,0.08161251,Rocky Flats,39.912799,-105.188587
1705,2023-07-26 20:00:00+00:00,0.06384675,0.063,0.07564322,0.07205284,0.056580175,0.07030944,0.082163274,Rocky Flats,39.912799,-105.188587
1706,2023-07-26 21:00:00+00:00,0.060154565,0.065,0.06200795,0.076904684,0.0557632,0.071746215,0.080969945,Rocky Flats,39.912799,-105.188587
1707,2023-07-26 22:00:00+00:00,0.063139886,0.063,0.05938741,0.0775179,0.055357188,0.07212857,0.07797008,Rocky Flats,39.912799,-105.188587
1708,2023-07-26 23:00:00+00:00,0.060435444,0.053,0.06085586,0.061216116,0.055581015,0.07274685,0.07349376,Rocky Flats,39.912799,-105.188587
1709,2023-07-27 00:00:00+00:00,0.049999744,0.059000000000000004,0.05796377,0.058779426,0.058091618,0.071422346,0.06789101,Rocky Flats,39.912799,-105.188587
1710,2023-07-27 01:00:00+00:00,0.058078468,0.056999999999999995,0.05094199,0.058097392,0.059631847,0.07049828,0.0618286,Rocky Flats,39.912799,-105.188587
1711,2023-07-27 02:00:00+00:00,0.054912742,0.051,0.05509468,0.055823687,0.053519435,0.06771002,0.060819678,Rocky Flats,39.912799,-105.188587
1712,2023-07-27 03:00:00+00:00,0.04789073,0.048,0.05356434,0.051323425,0.05039924,0.065186545,0.05788731,Rocky Flats,39.912799,-105.188587
1713,2023-07-27 04:00:00+00:00,0.04665287,0.056999999999999995,0.048595835,0.052446652,0.048901863,0.06350027,0.056776416,Rocky Flats,39.912799,-105.188587
1714,2023-07-27 05:00:00+00:00,0.05662045,0.056999999999999995,0.046551738,0.050944477,0.04827682,0.060865853,0.054908983,Rocky Flats,39.912799,-105.188587
1715,2023-07-27 06:00:00+00:00,0.054900263,0.048,0.054148056,0.048011806,0.046603628,0.05474731,0.053456325,Rocky Flats,39.912799,-105.188587
1716,2023-07-27 07:00:00+00:00,0.045532666,0.043,0.053049967,0.044239692,0.04763417,0.051786233,0.05323411,Rocky Flats,39.912799,-105.188587
1717,2023-07-27 08:00:00+00:00,0.04238205,0.048,0.044546153,0.047857083,0.046963114,0.050160468,0.050706603,Rocky Flats,39.912799,-105.188587
1718,2023-07-27 09:00:00+00:00,0.047367476,0.047,0.042398814,0.04774249,0.0452583,0.046830274,0.049922854,Rocky Flats,39.912799,-105.188587
1719,2023-07-27 10:00:00+00:00,0.04566852,0.047,0.04748338,0.043074496,0.043455858,0.04586042,0.049281623,Rocky Flats,39.912799,-105.188587
1720,2023-07-27 11:00:00+00:00,0.0458103,0.052,0.044250343,0.038997356,0.043630943,0.04399049,0.04471183,Rocky Flats,39.912799,-105.188587
1721,2023-07-27 12:00:00+00:00,0.050422065,0.053,0.04438396,0.0385649,0.04120644,0.042857505,0.040796757,Rocky Flats,39.912799,-105.188587
1722,2023-07-27 13:00:00+00:00,0.050620295,0.048,0.04864524,0.037708428,0.037360117,0.041876733,0.038538124,Rocky Flats,39.912799,-105.188587
1723,2023-07-27 14:00:00+00:00,0.047476463,0.048,0.05107313,0.041673835,0.038351364,0.042166732,0.039367262,Rocky Flats,39.912799,-105.188587
1724,2023-07-27 15:00:00+00:00,0.05079867,0.051,0.0528174,0.04820672,0.04520547,0.04570767,0.043146946,Rocky Flats,39.912799,-105.188587
1725,2023-07-27 16:00:00+00:00,0.055358145,0.051,0.059319984,0.05523048,0.052832924,0.050445694,0.049928557,Rocky Flats,39.912799,-105.188587
1726,2023-07-27 17:00:00+00:00,0.054413896,0.056,0.063823566,0.061498526,0.06057433,0.055557296,0.056358643,Rocky Flats,39.912799,-105.188587
1727,2023-07-27 18:00:00+00:00,0.060039733,0.059000000000000004,0.061176274,0.06548302,0.0660926,0.061545257,0.06154751,Rocky Flats,39.912799,-105.188587
1728,2023-07-27 19:00:00+00:00,0.061319508,0.05800000000000001,0.064142354,0.06698542,0.06865253,0.06780015,0.06504783,Rocky Flats,39.912799,-105.188587
1729,2023-07-27 20:00:00+00:00,0.058922946,0.06,0.06374629,0.06486255,0.06986311,0.06997141,0.06529123,Rocky Flats,39.912799,-105.188587
1730,2023-07-27 21:00:00+00:00,0.060985442,0.063,0.06172885,0.06472555,0.06819619,0.0698773,0.060308233,Rocky Flats,39.912799,-105.188587
1731,2023-07-27 22:00:00+00:00,0.06390049,0.067,0.062401418,0.064749666,0.06650645,0.06945256,0.051206823,Rocky Flats,39.912799,-105.188587
1732,2023-07-27 23:00:00+00:00,0.06470896,0.067,0.06369731,0.06388993,0.06252642,0.07009583,0.046714623,Rocky Flats,39.912799,-105.188587
1733,2023-07-28 00:00:00+00:00,0.064489916,0.059000000000000004,0.06009585,0.059285484,0.060909756,0.069058724,0.04736508,Rocky Flats,39.912799,-105.188587
1734,2023-07-28 01:00:00+00:00,0.05600222,0.052,0.059749622,0.060384307,0.058605663,0.066411965,0.047348827,Rocky Flats,39.912799,-105.188587
1735,2023-07-28 02:00:00+00:00,0.05190839,0.05,0.05424852,0.05680299,0.05766556,0.06234824,0.04726548,Rocky Flats,39.912799,-105.188587
1736,2023-07-28 03:00:00+00:00,0.050855186,0.042,0.052343976,0.056573827,0.054686334,0.058974743,0.04690935,Rocky Flats,39.912799,-105.188587
1737,2023-07-28 04:00:00+00:00,0.04173693,0.041,0.051616974,0.055129092,0.053413227,0.057412904,0.04657702,Rocky Flats,39.912799,-105.188587
1738,2023-07-28 05:00:00+00:00,0.041400354,0.04,0.043033138,0.050881825,0.049509093,0.056159977,0.046550944,Rocky Flats,39.912799,-105.188587
1739,2023-07-28 06:00:00+00:00,0.040435303,0.044,0.04232477,0.049090575,0.050101556,0.055270832,0.045965604,Rocky Flats,39.912799,-105.188587
1740,2023-07-28 07:00:00+00:00,0.044137515,0.045,0.041809544,0.041787665,0.04767187,0.0527366,0.046255402,Rocky Flats,39.912799,-105.188587
1741,2023-07-28 08:00:00+00:00,0.044805903,0.042,0.045325,0.043872926,0.047504447,0.05119633,0.047381934,Rocky Flats,39.912799,-105.188587
1742,2023-07-28 09:00:00+00:00,0.042106044,0.043,0.046224494,0.042963486,0.04797647,0.050206862,0.051397976,Rocky Flats,39.912799,-105.188587
1743,2023-07-28 10:00:00+00:00,0.04280921,0.039,0.044680968,0.046667386,0.045214605,0.05142705,0.053270213,Rocky Flats,39.912799,-105.188587
1744,2023-07-28 11:00:00+00:00,0.03864747,0.041,0.043641422,0.04625003,0.04516968,0.051697746,0.0546305,Rocky Flats,39.912799,-105.188587
1745,2023-07-28 12:00:00+00:00,0.03987376,0.042,0.038252193,0.043871477,0.044969335,0.050405186,0.05141503,Rocky Flats,39.912799,-105.188587
1746,2023-07-28 13:00:00+00:00,0.041145414,0.039,0.03921442,0.04273811,0.045248076,0.047929257,0.049314376,Rocky Flats,39.912799,-105.188587
1747,2023-07-28 14:00:00+00:00,0.039387304,0.038,0.04358358,0.04459219,0.04692144,0.049161006,0.048184842,Rocky Flats,39.912799,-105.188587
1748,2023-07-28 15:00:00+00:00,0.04094403,0.043,0.0462179,0.051201448,0.05047009,0.052736223,0.05247097,Rocky Flats,39.912799,-105.188587
1749,2023-07-28 16:00:00+00:00,0.048496097,0.051,0.051094037,0.056992814,0.05497511,0.05612679,0.056336436,Rocky Flats,39.912799,-105.188587
1750,2023-07-28 17:00:00+00:00,0.056520093,0.061,0.058710024,0.060334265,0.05854781,0.059551112,0.05894647,Rocky Flats,39.912799,-105.188587
1751,2023-07-28 18:00:00+00:00,0.065799884,0.068,0.06428524,0.064247824,0.06082085,0.06255956,0.060342077,Rocky Flats,39.912799,-105.188587
1752,2023-07-28 19:00:00+00:00,0.07072813,0.074,0.069377795,0.0685458,0.060981933,0.06429219,0.06791407,Rocky Flats,39.912799,-105.188587
1753,2023-07-28 20:00:00+00:00,0.07513577,0.081,0.07026306,0.06679463,0.06094843,0.06514997,0.06740255,Rocky Flats,39.912799,-105.188587
1754,2023-07-28 21:00:00+00:00,0.07933958,0.064,0.07215387,0.06567865,0.060587797,0.06319987,0.06479179,Rocky Flats,39.912799,-105.188587
1755,2023-07-28 22:00:00+00:00,0.05860274,0.06,0.07231152,0.06593471,0.058977954,0.062227152,0.06200391,Rocky Flats,39.912799,-105.188587
1756,2023-07-28 23:00:00+00:00,0.056773137,0.065,0.055163562,0.06611493,0.056520388,0.06173475,0.058465958,Rocky Flats,39.912799,-105.188587
1757,2023-07-29 00:00:00+00:00,0.06385409,0.066,0.055617083,0.06572848,0.05394755,0.06013158,0.054058094,Rocky Flats,39.912799,-105.188587
1758,2023-07-29 01:00:00+00:00,0.06324469,0.061,0.059334937,0.057125222,0.05171936,0.056253847,0.04996591,Rocky Flats,39.912799,-105.188587
1759,2023-07-29 02:00:00+00:00,0.05693189,0.05,0.058916558,0.05398418,0.05065461,0.051971458,0.046689153,Rocky Flats,39.912799,-105.188587
1760,2023-07-29 03:00:00+00:00,0.04677488,0.046,0.05440796,0.056154158,0.051289294,0.048286173,0.0450553,Rocky Flats,39.912799,-105.188587
1761,2023-07-29 04:00:00+00:00,0.045062978,0.045,0.046315297,0.05502585,0.048803564,0.04720536,0.043028157,Rocky Flats,39.912799,-105.188587
1762,2023-07-29 05:00:00+00:00,0.044361055,0.046,0.04530816,0.05214693,0.049289957,0.047220305,0.039686713,Rocky Flats,39.912799,-105.188587
1763,2023-07-29 06:00:00+00:00,0.04532906,0.051,0.044450868,0.046506435,0.05074248,0.048966028,0.037565563,Rocky Flats,39.912799,-105.188587
1764,2023-07-29 07:00:00+00:00,0.05034122,0.051,0.045906197,0.044251118,0.049337763,0.050787326,0.038444493,Rocky Flats,39.912799,-105.188587
1765,2023-07-29 08:00:00+00:00,0.05023302,0.051,0.05082765,0.042294893,0.047670156,0.047774103,0.040666793,Rocky Flats,39.912799,-105.188587
1766,2023-07-29 09:00:00+00:00,0.049681492,0.047,0.050078403,0.043129243,0.04462324,0.045693602,0.042601064,Rocky Flats,39.912799,-105.188587
1767,2023-07-29 10:00:00+00:00,0.0451391,0.047,0.048728503,0.046210356,0.0439832,0.048156187,0.044929527,Rocky Flats,39.912799,-105.188587
1768,2023-07-29 11:00:00+00:00,0.04520885,0.045,0.043063685,0.0451482,0.041653104,0.048006773,0.046114955,Rocky Flats,39.912799,-105.188587
1769,2023-07-29 12:00:00+00:00,0.042342667,0.039,0.043190815,0.04212142,0.039735477,0.046170756,0.047053143,Rocky Flats,39.912799,-105.188587
1770,2023-07-29 13:00:00+00:00,0.03786508,0.037,0.042795468,0.039328128,0.04063752,0.04505066,0.045486666,Rocky Flats,39.912799,-105.188587
1771,2023-07-29 14:00:00+00:00,0.038936414,0.037,0.04387396,0.04364766,0.044136688,0.045802016,0.04606617,Rocky Flats,39.912799,-105.188587
1772,2023-07-29 15:00:00+00:00,0.04190982,0.04,0.0485016,0.049670555,0.049996894,0.04992147,0.053828623,Rocky Flats,39.912799,-105.188587
1773,2023-07-29 16:00:00+00:00,0.045420617,0.048,0.053448897,0.056166127,0.05751945,0.056776688,0.062112685,Rocky Flats,39.912799,-105.188587
1774,2023-07-29 17:00:00+00:00,0.055292755,0.05800000000000001,0.057234395,0.06283083,0.06481217,0.06509472,0.06716424,Rocky Flats,39.912799,-105.188587
1775,2023-07-29 18:00:00+00:00,0.064542584,0.063,0.06582118,0.06765363,0.07020562,0.072573796,0.070563994,Rocky Flats,39.912799,-105.188587
1776,2023-07-29 19:00:00+00:00,0.06547842,0.064,0.07071988,0.06956893,0.072930135,0.07842931,0.0719632,Rocky Flats,39.912799,-105.188587
1777,2023-07-29 20:00:00+00:00,0.06460345,0.065,0.066668585,0.072223864,0.07460637,0.08183632,0.07210191,Rocky Flats,39.912799,-105.188587
1778,2023-07-29 21:00:00+00:00,0.06551062,0.065,0.06470007,0.07286255,0.07439252,0.082796864,0.071906485,Rocky Flats,39.912799,-105.188587
1779,2023-07-29 22:00:00+00:00,0.06475553,0.062000000000000006,0.065510005,0.068981275,0.0729328,0.081902996,0.07243047,Rocky Flats,39.912799,-105.188587
1780,2023-07-29 23:00:00+00:00,0.05825582,0.061,0.06400427,0.065221734,0.06960337,0.07899989,0.07313225,Rocky Flats,39.912799,-105.188587
1781,2023-07-30 00:00:00+00:00,0.059266966,0.062000000000000006,0.055228386,0.0635362,0.065435074,0.07519661,0.07188164,Rocky Flats,39.912799,-105.188587
1782,2023-07-30 01:00:00+00:00,0.05917283,0.064,0.057304483,0.060147267,0.06043111,0.06687547,0.06880452,Rocky Flats,39.912799,-105.188587
1783,2023-07-30 02:00:00+00:00,0.06145882,0.066,0.05603144,0.052954245,0.056724425,0.059878282,0.06552745,Rocky Flats,39.912799,-105.188587
1784,2023-07-30 03:00:00+00:00,0.062122,0.05800000000000001,0.0576902,0.05216396,0.054351434,0.055082444,0.06252279,Rocky Flats,39.912799,-105.188587
1785,2023-07-30 04:00:00+00:00,0.05430021,0.049,0.05844967,0.0497263,0.051115297,0.052755125,0.060210433,Rocky Flats,39.912799,-105.188587
1786,2023-07-30 05:00:00+00:00,0.046990328,0.044,0.052313894,0.049514774,0.04757259,0.05067692,0.05795029,Rocky Flats,39.912799,-105.188587
1787,2023-07-30 06:00:00+00:00,0.043388117,0.046,0.04559568,0.0503492,0.046880994,0.048567843,0.05493292,Rocky Flats,39.912799,-105.188587
1788,2023-07-30 07:00:00+00:00,0.04529688,0.044,0.04257791,0.044839054,0.04572199,0.046498064,0.05127521,Rocky Flats,39.912799,-105.188587
1789,2023-07-30 08:00:00+00:00,0.04316633,0.044,0.04497697,0.040282693,0.045007307,0.04369031,0.048325963,Rocky Flats,39.912799,-105.188587
1790,2023-07-30 09:00:00+00:00,0.042953238,0.045,0.043063443,0.03765648,0.04554387,0.040062755,0.046925668,Rocky Flats,39.912799,-105.188587
1791,2023-07-30 10:00:00+00:00,0.043398406,0.046,0.043553013,0.037812736,0.041979622,0.041379653,0.04556234,Rocky Flats,39.912799,-105.188587
1792,2023-07-30 11:00:00+00:00,0.04366638,0.05,0.043419525,0.037199322,0.039017342,0.040130317,0.04425277,Rocky Flats,39.912799,-105.188587
1793,2023-07-30 12:00:00+00:00,0.04759801,0.048,0.042533774,0.036859725,0.0361728,0.03815376,0.04188523,Rocky Flats,39.912799,-105.188587
1794,2023-07-30 13:00:00+00:00,0.045654956,0.04,0.046206318,0.03830595,0.03601416,0.03992675,0.037822153,Rocky Flats,39.912799,-105.188587
1795,2023-07-30 14:00:00+00:00,0.040536433,0.042,0.047365822,0.04232344,0.038754508,0.041224945,0.03896191,Rocky Flats,39.912799,-105.188587
1796,2023-07-30 15:00:00+00:00,0.04617772,0.047,0.048431233,0.04901163,0.044914506,0.045694653,0.045270067,Rocky Flats,39.912799,-105.188587
1797,2023-07-30 16:00:00+00:00,0.05257888,0.051,0.05723023,0.054893773,0.051837288,0.051544923,0.053244885,Rocky Flats,39.912799,-105.188587
1798,2023-07-30 17:00:00+00:00,0.05587315,0.059000000000000004,0.06384006,0.06004075,0.05906058,0.057938565,0.05953577,Rocky Flats,39.912799,-105.188587
1799,2023-07-30 18:00:00+00:00,0.06406527,0.063,0.06539123,0.06584016,0.06570538,0.06392739,0.06411891,Rocky Flats,39.912799,-105.188587
1800,2023-07-30 19:00:00+00:00,0.065005735,0.067,0.06988051,0.06942979,0.06962351,0.06862017,0.06745564,Rocky Flats,39.912799,-105.188587
1801,2023-07-30 20:00:00+00:00,0.06857445,0.066,0.06731472,0.07037505,0.07253183,0.07129608,0.068592794,Rocky Flats,39.912799,-105.188587
1802,2023-07-30 21:00:00+00:00,0.06555859,0.066,0.06960318,0.07050622,0.072662346,0.07244864,0.06736755,Rocky Flats,39.912799,-105.188587
1803,2023-07-30 22:00:00+00:00,0.065567754,0.05800000000000001,0.065734856,0.067913346,0.070314385,0.07336171,0.06601631,Rocky Flats,39.912799,-105.188587
1804,2023-07-30 23:00:00+00:00,0.05528177,0.06,0.065283805,0.06548912,0.06678148,0.072628036,0.064156435,Rocky Flats,39.912799,-105.188587
1805,2023-07-31 00:00:00+00:00,0.0585434,0.063,0.05432478,0.06145257,0.06466906,0.06824891,0.0624774,Rocky Flats,39.912799,-105.188587
1806,2023-07-31 01:00:00+00:00,0.060970895,0.062000000000000006,0.057449207,0.05891055,0.061439827,0.06385411,0.06091705,Rocky Flats,39.912799,-105.188587
1807,2023-07-31 02:00:00+00:00,0.06018831,0.06,0.057315134,0.053007238,0.05912423,0.05905246,0.05906825,Rocky Flats,39.912799,-105.188587
1808,2023-07-31 03:00:00+00:00,0.057548515,0.059000000000000004,0.05749083,0.053619847,0.055953383,0.056387313,0.057782106,Rocky Flats,39.912799,-105.188587
1809,2023-07-31 04:00:00+00:00,0.057466105,0.06,0.055822108,0.05402541,0.053172246,0.05383015,0.05522095,Rocky Flats,39.912799,-105.188587
1810,2023-07-31 05:00:00+00:00,0.058616612,0.06,0.0554998,0.053771418,0.04862251,0.052411318,0.052235793,Rocky Flats,39.912799,-105.188587
1811,2023-07-31 06:00:00+00:00,0.05865113,0.06,0.056410205,0.0519632,0.04899674,0.051065575,0.05143724,Rocky Flats,39.912799,-105.188587
1812,2023-07-31 07:00:00+00:00,0.058374796,0.056,0.05681002,0.051698424,0.048468247,0.049461532,0.05221399,Rocky Flats,39.912799,-105.188587
1813,2023-07-31 08:00:00+00:00,0.0546449,0.056,0.05752632,0.05194227,0.04870423,0.048130378,0.052442838,Rocky Flats,39.912799,-105.188587
1814,2023-07-31 09:00:00+00:00,0.0551294,0.05800000000000001,0.05378834,0.053211667,0.04780307,0.0463976,0.050524138,Rocky Flats,39.912799,-105.188587
1815,2023-07-31 10:00:00+00:00,0.05653459,0.049,0.054974012,0.053427737,0.048146952,0.04719918,0.048289973,Rocky Flats,39.912799,-105.188587
1816,2023-07-31 11:00:00+00:00,0.04652136,0.037,0.05491437,0.051672067,0.04788012,0.04751819,0.047544427,Rocky Flats,39.912799,-105.188587
1817,2023-07-31 12:00:00+00:00,0.03628367,0.034,0.043796528,0.05059123,0.047493808,0.04680567,0.04667369,Rocky Flats,39.912799,-105.188587
1818,2023-07-31 13:00:00+00:00,0.034448635,0.038,0.038462084,0.05133074,0.047329623,0.0464099,0.04660671,Rocky Flats,39.912799,-105.188587
1819,2023-07-31 14:00:00+00:00,0.040102366,0.04,0.04225449,0.05259788,0.048625253,0.04788332,0.048860434,Rocky Flats,39.912799,-105.188587
1820,2023-07-31 15:00:00+00:00,0.042980883,0.042,0.050167024,0.056497656,0.05200168,0.050910942,0.055528775,Rocky Flats,39.912799,-105.188587
1821,2023-07-31 16:00:00+00:00,0.04525062,0.048,0.053129774,0.06144074,0.05738492,0.055616066,0.06138939,Rocky Flats,39.912799,-105.188587
1822,2023-07-31 17:00:00+00:00,0.053990845,0.055,0.055478286,0.06353718,0.06338973,0.060137846,0.06534495,Rocky Flats,39.912799,-105.188587
1823,2023-07-31 18:00:00+00:00,0.061104238,0.063,0.063527584,0.06210139,0.068655245,0.06384222,0.067957565,Rocky Flats,39.912799,-105.188587
1824,2023-07-31 19:00:00+00:00,0.06746507,0.073,0.068659164,0.062394235,0.072779335,0.0654948,0.06953863,Rocky Flats,39.912799,-105.188587
1825,2023-07-31 20:00:00+00:00,0.0762124,0.078,0.07086939,0.06697776,0.07501181,0.06672385,0.06954923,Rocky Flats,39.912799,-105.188587
1826,2023-07-31 21:00:00+00:00,0.07791683,0.071,0.074692436,0.066532955,0.07449152,0.06651853,0.0683727,Rocky Flats,39.912799,-105.188587
1827,2023-07-31 22:00:00+00:00,0.06577558,0.074,0.07407883,0.06734395,0.07134623,0.064583905,0.06775644,Rocky Flats,39.912799,-105.188587
1828,2023-07-31 23:00:00+00:00,0.07193144,0.07,0.060056116,0.06856592,0.06926307,0.063066855,0.06591447,Rocky Flats,39.912799,-105.188587
1829,2023-08-01 00:00:00+00:00,0.065287545,0.0675,0.06703923,0.067254014,0.0640246,0.06094886,0.06310053,Rocky Flats,39.912799,-105.188587
1830,2023-08-01 01:00:00+00:00,0.0630119,0.065,0.060112488,0.06188378,0.06032962,0.056413297,0.061274257,Rocky Flats,39.912799,-105.188587
1831,2023-08-01 02:00:00+00:00,0.061830856,0.0625,0.05997618,0.061251804,0.058573466,0.052865192,0.058708597,Rocky Flats,39.912799,-105.188587
1832,2023-08-01 03:00:00+00:00,0.05938063,0.06,0.05882449,0.055205505,0.05739521,0.048928265,0.052480265,Rocky Flats,39.912799,-105.188587
1833,2023-08-01 04:00:00+00:00,0.05714943,0.05750000000000001,0.05688099,0.053782854,0.05370142,0.044553112,0.049202994,Rocky Flats,39.912799,-105.188587
1834,2023-08-01 05:00:00+00:00,0.05493649,0.05500000000000001,0.05470454,0.05232855,0.05361918,0.042280424,0.046399545,Rocky Flats,39.912799,-105.188587
1835,2023-08-01 06:00:00+00:00,0.052589606,0.052500000000000005,0.05261092,0.05078326,0.0512126,0.042191748,0.042836826,Rocky Flats,39.912799,-105.188587
1836,2023-08-01 07:00:00+00:00,0.050108306,0.05,0.0508164,0.048104025,0.04931568,0.042743187,0.03924197,Rocky Flats,39.912799,-105.188587
1837,2023-08-01 08:00:00+00:00,0.047432866,0.046,0.049032282,0.045428827,0.047762997,0.040422436,0.037386056,Rocky Flats,39.912799,-105.188587
1838,2023-08-01 09:00:00+00:00,0.043244738,0.063,0.046939325,0.043456174,0.045834817,0.041900404,0.036479615,Rocky Flats,39.912799,-105.188587
1839,2023-08-01 10:00:00+00:00,0.06160851,0.062000000000000006,0.04280111,0.04156614,0.043193545,0.044034008,0.037232604,Rocky Flats,39.912799,-105.188587
1840,2023-08-01 11:00:00+00:00,0.05837923,0.063,0.06257963,0.039318703,0.03958185,0.044560783,0.039158862,Rocky Flats,39.912799,-105.188587
1841,2023-08-01 12:00:00+00:00,0.05913947,0.059000000000000004,0.052903,0.037425205,0.036301907,0.043727364,0.040169835,Rocky Flats,39.912799,-105.188587
1842,2023-08-01 13:00:00+00:00,0.054518458,0.051,0.057969004,0.049955536,0.03550742,0.043066487,0.040200822,Rocky Flats,39.912799,-105.188587
1843,2023-08-01 14:00:00+00:00,0.0486264,0.039,0.056373235,0.05249581,0.038687643,0.044044968,0.04716912,Rocky Flats,39.912799,-105.188587
1844,2023-08-01 15:00:00+00:00,0.040445782,0.041,0.05366101,0.056794934,0.045112804,0.048243117,0.053171024,Rocky Flats,39.912799,-105.188587
1845,2023-08-01 16:00:00+00:00,0.04585039,0.049,0.050005466,0.058592677,0.05552027,0.054942843,0.05900929,Rocky Flats,39.912799,-105.188587
1846,2023-08-01 17:00:00+00:00,0.055262018,0.05866666666666667,0.056091968,0.06080872,0.061394278,0.061971072,0.06427716,Rocky Flats,39.912799,-105.188587
1847,2023-08-01 18:00:00+00:00,0.064508714,0.06833333333333333,0.065549634,0.06345593,0.06534727,0.06822886,0.067402914,Rocky Flats,39.912799,-105.188587
1848,2023-08-01 19:00:00+00:00,0.07284333,0.078,0.073354654,0.06669555,0.0689456,0.07118384,0.06933706,Rocky Flats,39.912799,-105.188587
1849,2023-08-01 20:00:00+00:00,0.08107891,0.065,0.07648359,0.06953504,0.07182695,0.07183626,0.06999866,Rocky Flats,39.912799,-105.188587
1850,2023-08-01 21:00:00+00:00,0.057134893,0.056,0.08119338,0.07049798,0.07238616,0.07379738,0.06971447,Rocky Flats,39.912799,-105.188587
1851,2023-08-01 22:00:00+00:00,0.05340526,0.05800000000000001,0.053329073,0.07251225,0.07216197,0.073232464,0.067982584,Rocky Flats,39.912799,-105.188587
1852,2023-08-01 23:00:00+00:00,0.056253932,0.054,0.053647444,0.07470517,0.071613826,0.07318322,0.064921565,Rocky Flats,39.912799,-105.188587
1853,2023-08-02 00:00:00+00:00,0.05162822,0.055,0.05561859,0.05652894,0.06934672,0.07048283,0.06103933,Rocky Flats,39.912799,-105.188587
1854,2023-08-02 01:00:00+00:00,0.052838553,0.061,0.05241352,0.052368596,0.06634683,0.06493556,0.05859482,Rocky Flats,39.912799,-105.188587
1855,2023-08-02 02:00:00+00:00,0.05987643,0.05800000000000001,0.05258778,0.04985463,0.063212514,0.058845807,0.057337664,Rocky Flats,39.912799,-105.188587
1856,2023-08-02 03:00:00+00:00,0.05461413,0.049,0.056884173,0.0483202,0.049032837,0.055566575,0.05691337,Rocky Flats,39.912799,-105.188587
1857,2023-08-02 04:00:00+00:00,0.046048626,0.05,0.052607626,0.04548844,0.045970466,0.053235695,0.055986777,Rocky Flats,39.912799,-105.188587
1858,2023-08-02 05:00:00+00:00,0.048743013,0.052,0.04532616,0.04614049,0.04442845,0.04950789,0.05446484,Rocky Flats,39.912799,-105.188587
1859,2023-08-02 06:00:00+00:00,0.05061993,0.053,0.046930183,0.045240678,0.043908305,0.04718347,0.052682422,Rocky Flats,39.912799,-105.188587
1860,2023-08-02 07:00:00+00:00,0.051182456,0.053,0.047701027,0.039831538,0.043134235,0.042101722,0.051726542,Rocky Flats,39.912799,-105.188587
1861,2023-08-02 08:00:00+00:00,0.051166058,0.055,0.048927184,0.038756702,0.043453917,0.03878452,0.050909106,Rocky Flats,39.912799,-105.188587
1862,2023-08-02 09:00:00+00:00,0.05316686,0.062000000000000006,0.048693758,0.039839942,0.042417638,0.035691086,0.050705615,Rocky Flats,39.912799,-105.188587
1863,2023-08-02 10:00:00+00:00,0.060615495,0.065,0.05121263,0.0402431,0.040482745,0.03517979,0.05242153,Rocky Flats,39.912799,-105.188587
1864,2023-08-02 11:00:00+00:00,0.062493168,0.067,0.057719145,0.04093667,0.037747707,0.03496644,0.052957542,Rocky Flats,39.912799,-105.188587
1865,2023-08-02 12:00:00+00:00,0.06354269,0.065,0.0580057,0.042939804,0.035932127,0.03389902,0.04317254,Rocky Flats,39.912799,-105.188587
1866,2023-08-02 13:00:00+00:00,0.06089863,0.051,0.060323507,0.04858173,0.033451445,0.034932055,0.03904617,Rocky Flats,39.912799,-105.188587
1867,2023-08-02 14:00:00+00:00,0.047869723,0.042,0.06054255,0.05307369,0.034720995,0.037243757,0.04058939,Rocky Flats,39.912799,-105.188587
1868,2023-08-02 15:00:00+00:00,0.043328654,0.048,0.052979402,0.058567256,0.040626984,0.04268413,0.04546324,Rocky Flats,39.912799,-105.188587
1869,2023-08-02 16:00:00+00:00,0.051184632,0.049,0.05330964,0.06435014,0.050869405,0.051703393,0.05377884,Rocky Flats,39.912799,-105.188587
1870,2023-08-02 17:00:00+00:00,0.052455008,0.056999999999999995,0.059288647,0.06763432,0.060707718,0.06045152,0.060029205,Rocky Flats,39.912799,-105.188587
1871,2023-08-02 18:00:00+00:00,0.06227538,0.05800000000000001,0.059895925,0.06967332,0.06911213,0.068125546,0.064327486,Rocky Flats,39.912799,-105.188587
1872,2023-08-02 19:00:00+00:00,0.059397124,0.065,0.06960258,0.06692036,0.074537985,0.07272593,0.067856885,Rocky Flats,39.912799,-105.188587
1873,2023-08-02 20:00:00+00:00,0.06866784,0.068,0.062815025,0.06806957,0.0761259,0.07489619,0.07051886,Rocky Flats,39.912799,-105.188587
1874,2023-08-02 21:00:00+00:00,0.06801198,0.068,0.07244869,0.065821365,0.07766115,0.07457017,0.072074786,Rocky Flats,39.912799,-105.188587
1875,2023-08-02 22:00:00+00:00,0.06608664,0.064,0.06753602,0.059598554,0.07521155,0.072962254,0.07212909,Rocky Flats,39.912799,-105.188587
1876,2023-08-02 23:00:00+00:00,0.060962774,0.06,0.06337856,0.05950858,0.074425735,0.06836384,0.0711059,Rocky Flats,39.912799,-105.188587
1877,2023-08-03 00:00:00+00:00,0.058280867,0.055,0.057877462,0.059750296,0.07197008,0.06548991,0.07152989,Rocky Flats,39.912799,-105.188587
1878,2023-08-03 01:00:00+00:00,0.053328484,0.055,0.057030465,0.058956172,0.066331364,0.06099378,0.070944086,Rocky Flats,39.912799,-105.188587
1879,2023-08-03 02:00:00+00:00,0.05421468,0.052,0.05265799,0.054349832,0.06396088,0.056431614,0.068183705,Rocky Flats,39.912799,-105.188587
1880,2023-08-03 03:00:00+00:00,0.050166436,0.048,0.05340691,0.052413575,0.057799157,0.054752488,0.06636751,Rocky Flats,39.912799,-105.188587
1881,2023-08-03 04:00:00+00:00,0.046552587,0.048,0.049396046,0.0486338,0.053746223,0.05232108,0.06337463,Rocky Flats,39.912799,-105.188587
1882,2023-08-03 05:00:00+00:00,0.04714989,0.049,0.046444897,0.048148077,0.05078003,0.050234344,0.060994163,Rocky Flats,39.912799,-105.188587
1883,2023-08-03 06:00:00+00:00,0.04792087,0.046,0.046555948,0.0450731,0.051213846,0.049777314,0.058518022,Rocky Flats,39.912799,-105.188587
1884,2023-08-03 07:00:00+00:00,0.043996558,0.046,0.046839412,0.043583937,0.049078006,0.047816522,0.055619173,Rocky Flats,39.912799,-105.188587
1885,2023-08-03 08:00:00+00:00,0.044180326,0.042,0.04303345,0.04177551,0.048450205,0.046615172,0.051917378,Rocky Flats,39.912799,-105.188587
1886,2023-08-03 09:00:00+00:00,0.040035736,0.041,0.0443351,0.044075064,0.045628726,0.044794645,0.049857818,Rocky Flats,39.912799,-105.188587
1887,2023-08-03 10:00:00+00:00,0.038727038,0.039,0.040048286,0.041613143,0.043373723,0.045641452,0.04794475,Rocky Flats,39.912799,-105.188587
1888,2023-08-03 11:00:00+00:00,0.03645968,0.036,0.038973976,0.040738083,0.0387063,0.044217262,0.046797402,Rocky Flats,39.912799,-105.188587
1889,2023-08-03 12:00:00+00:00,0.033950124,0.036,0.03748603,0.03763586,0.035193536,0.04215748,0.042818036,Rocky Flats,39.912799,-105.188587
1890,2023-08-03 13:00:00+00:00,0.03529722,0.027,0.037271924,0.03654102,0.032769926,0.040317647,0.040446483,Rocky Flats,39.912799,-105.188587
1891,2023-08-03 14:00:00+00:00,0.02896841,0.027,0.042008158,0.037687432,0.034509886,0.03995236,0.041411847,Rocky Flats,39.912799,-105.188587
1892,2023-08-03 15:00:00+00:00,0.03160442,0.033,0.038580272,0.040302567,0.037556376,0.04326691,0.046102952,Rocky Flats,39.912799,-105.188587
1893,2023-08-03 16:00:00+00:00,0.04018232,0.04,0.0430113,0.046125036,0.04131602,0.04998781,0.05471913,Rocky Flats,39.912799,-105.188587
1894,2023-08-03 17:00:00+00:00,0.046999667,0.053,0.050891273,0.047949344,0.04468717,0.054938,0.06147361,Rocky Flats,39.912799,-105.188587
1895,2023-08-03 18:00:00+00:00,0.060701158,0.062000000000000006,0.0554236,0.049197078,0.047329333,0.05665708,0.06553192,Rocky Flats,39.912799,-105.188587
1896,2023-08-03 19:00:00+00:00,0.066773236,0.064,0.06759581,0.05056354,0.048194397,0.057530746,0.06635305,Rocky Flats,39.912799,-105.188587
1897,2023-08-03 20:00:00+00:00,0.06423895,0.053,0.068219945,0.05244862,0.04644251,0.058073428,0.06612415,Rocky Flats,39.912799,-105.188587
1898,2023-08-03 21:00:00+00:00,0.0498909,0.051,0.062433913,0.05814064,0.044810772,0.05924904,0.06483208,Rocky Flats,39.912799,-105.188587
1899,2023-08-03 22:00:00+00:00,0.04983698,0.053,0.048636124,0.06285011,0.044899926,0.061660767,0.06283915,Rocky Flats,39.912799,-105.188587
1900,2023-08-03 23:00:00+00:00,0.053672373,0.047,0.049150277,0.06096093,0.045008145,0.061339736,0.06133736,Rocky Flats,39.912799,-105.188587
1901,2023-08-04 00:00:00+00:00,0.04491528,0.05,0.053503957,0.051017072,0.045848265,0.060454756,0.059727363,Rocky Flats,39.912799,-105.188587
1902,2023-08-04 01:00:00+00:00,0.04920529,0.047,0.044980433,0.046157923,0.047378108,0.05519446,0.057896532,Rocky Flats,39.912799,-105.188587
1903,2023-08-04 02:00:00+00:00,0.045642458,0.048,0.04838513,0.04469439,0.046956733,0.053100076,0.05537155,Rocky Flats,39.912799,-105.188587
1904,2023-08-04 03:00:00+00:00,0.046543676,0.047,0.044420164,0.040439628,0.04425307,0.047583494,0.052594267,Rocky Flats,39.912799,-105.188587
1905,2023-08-04 04:00:00+00:00,0.045370225,0.046,0.04632412,0.038924795,0.04220158,0.043557927,0.04881377,Rocky Flats,39.912799,-105.188587
1906,2023-08-04 05:00:00+00:00,0.044794127,0.045,0.043766517,0.036286633,0.042635348,0.04237731,0.04384542,Rocky Flats,39.912799,-105.188587
1907,2023-08-04 06:00:00+00:00,0.04387514,0.043,0.04345457,0.03677515,0.04058934,0.043336093,0.038939007,Rocky Flats,39.912799,-105.188587
1908,2023-08-04 07:00:00+00:00,0.041819546,0.044,0.042352177,0.03639725,0.03974762,0.04426114,0.03612542,Rocky Flats,39.912799,-105.188587
1909,2023-08-04 08:00:00+00:00,0.04306725,0.039,0.04059849,0.036107697,0.038879007,0.0418772,0.035375513,Rocky Flats,39.912799,-105.188587
1910,2023-08-04 09:00:00+00:00,0.038097568,0.043,0.042383548,0.036384713,0.03843814,0.042276103,0.03731598,Rocky Flats,39.912799,-105.188587
1911,2023-08-04 10:00:00+00:00,0.04221991,0.038,0.036522076,0.036129955,0.03768191,0.041396786,0.04032096,Rocky Flats,39.912799,-105.188587
1912,2023-08-04 11:00:00+00:00,0.03663603,0.038,0.04138188,0.036594983,0.0344685,0.041059513,0.041121915,Rocky Flats,39.912799,-105.188587
1913,2023-08-04 12:00:00+00:00,0.036346056,0.037,0.034771465,0.032700382,0.030807953,0.039074343,0.040634546,Rocky Flats,39.912799,-105.188587
1914,2023-08-04 13:00:00+00:00,0.036074016,0.037,0.037214473,0.036060687,0.030490132,0.039448418,0.037663188,Rocky Flats,39.912799,-105.188587
1915,2023-08-04 14:00:00+00:00,0.038259577,0.042,0.040467706,0.038335048,0.035479587,0.043189924,0.041981578,Rocky Flats,39.912799,-105.188587
1916,2023-08-04 15:00:00+00:00,0.04536268,0.044,0.045866024,0.04446144,0.040693022,0.047708627,0.043643575,Rocky Flats,39.912799,-105.188587
1917,2023-08-04 16:00:00+00:00,0.047781885,0.051,0.054116867,0.050180428,0.048482984,0.051966526,0.05206011,Rocky Flats,39.912799,-105.188587
1918,2023-08-04 17:00:00+00:00,0.056611292,0.05800000000000001,0.057287354,0.0559146,0.054165877,0.056419384,0.05845284,Rocky Flats,39.912799,-105.188587
1919,2023-08-04 18:00:00+00:00,0.06276869,0.061,0.06511726,0.061254676,0.06112327,0.0611349,0.06329025,Rocky Flats,39.912799,-105.188587
1920,2023-08-04 19:00:00+00:00,0.06185947,0.065,0.067580484,0.06394932,0.06692002,0.06561586,0.0654714,Rocky Flats,39.912799,-105.188587
1921,2023-08-04 20:00:00+00:00,0.066381335,0.061,0.06352409,0.06586597,0.06892696,0.06999835,0.06577201,Rocky Flats,39.912799,-105.188587
1922,2023-08-04 21:00:00+00:00,0.0598555,0.062000000000000006,0.068160005,0.06644218,0.0673064,0.07212356,0.06322189,Rocky Flats,39.912799,-105.188587
1923,2023-08-04 22:00:00+00:00,0.0627481,0.059000000000000004,0.060417745,0.06338065,0.06346563,0.071615875,0.059216883,Rocky Flats,39.912799,-105.188587
1924,2023-08-04 23:00:00+00:00,0.058402225,0.063,0.063787974,0.06340285,0.06065764,0.06971468,0.05496315,Rocky Flats,39.912799,-105.188587
1925,2023-08-05 00:00:00+00:00,0.06254805,0.053,0.057638496,0.059664533,0.05768251,0.066022344,0.05054184,Rocky Flats,39.912799,-105.188587
1926,2023-08-05 01:00:00+00:00,0.051070705,0.052,0.06080753,0.060197573,0.05516031,0.061491508,0.04891906,Rocky Flats,39.912799,-105.188587
1927,2023-08-05 02:00:00+00:00,0.051963635,0.052,0.049926717,0.05646893,0.054224093,0.05583349,0.04862289,Rocky Flats,39.912799,-105.188587
1928,2023-08-05 03:00:00+00:00,0.051418632,0.052,0.051902693,0.05626639,0.052266654,0.05484753,0.048438285,Rocky Flats,39.912799,-105.188587
1929,2023-08-05 04:00:00+00:00,0.05119747,0.046,0.050926924,0.0520617,0.052456003,0.052507672,0.04674262,Rocky Flats,39.912799,-105.188587
1930,2023-08-05 05:00:00+00:00,0.045583386,0.044,0.05143113,0.05082152,0.05152324,0.052701578,0.045199465,Rocky Flats,39.912799,-105.188587
1931,2023-08-05 06:00:00+00:00,0.044068206,0.044,0.04625056,0.049741592,0.051481802,0.051214065,0.04335794,Rocky Flats,39.912799,-105.188587
1932,2023-08-05 07:00:00+00:00,0.044022124,0.042,0.04464485,0.049450055,0.049824063,0.049757633,0.04212961,Rocky Flats,39.912799,-105.188587
1933,2023-08-05 08:00:00+00:00,0.042082187,0.041,0.044664074,0.0457636,0.04940745,0.049130276,0.041933227,Rocky Flats,39.912799,-105.188587
1934,2023-08-05 09:00:00+00:00,0.040928382,0.04,0.043250043,0.044382818,0.048477225,0.04907917,0.040145166,Rocky Flats,39.912799,-105.188587
1935,2023-08-05 10:00:00+00:00,0.039271716,0.042,0.041993115,0.044668864,0.04795763,0.04906282,0.04044088,Rocky Flats,39.912799,-105.188587
1936,2023-08-05 11:00:00+00:00,0.04077985,0.043,0.0396737,0.042953905,0.04625317,0.048206232,0.040362414,Rocky Flats,39.912799,-105.188587
1937,2023-08-05 12:00:00+00:00,0.04170578,0.038,0.041073814,0.04104138,0.044449076,0.045621872,0.040840965,Rocky Flats,39.912799,-105.188587
1938,2023-08-05 13:00:00+00:00,0.037231788,0.036,0.042825058,0.040789254,0.04425912,0.044255245,0.042334642,Rocky Flats,39.912799,-105.188587
1939,2023-08-05 14:00:00+00:00,0.038284868,0.039,0.041967545,0.046037953,0.04578681,0.045513503,0.04580843,Rocky Flats,39.912799,-105.188587
1940,2023-08-05 15:00:00+00:00,0.043746714,0.044,0.046557713,0.05291838,0.04959491,0.049921572,0.048954446,Rocky Flats,39.912799,-105.188587
1941,2023-08-05 16:00:00+00:00,0.049482193,0.051,0.053519644,0.057627328,0.05485568,0.055908397,0.054673582,Rocky Flats,39.912799,-105.188587
1942,2023-08-05 17:00:00+00:00,0.056626122,0.055,0.05947816,0.06184848,0.060837317,0.06146085,0.05820702,Rocky Flats,39.912799,-105.188587
1943,2023-08-05 18:00:00+00:00,0.058508217,0.056,0.06416566,0.06567305,0.064672045,0.06528222,0.06013111,Rocky Flats,39.912799,-105.188587
1944,2023-08-05 19:00:00+00:00,0.05753117,0.056,0.06281446,0.06767474,0.06659485,0.06784251,0.060589198,Rocky Flats,39.912799,-105.188587
1945,2023-08-05 20:00:00+00:00,0.05696995,0.055,0.060176585,0.06767401,0.0674904,0.06855719,0.060026217,Rocky Flats,39.912799,-105.188587
1946,2023-08-05 21:00:00+00:00,0.05511675,0.056,0.059123818,0.06681856,0.068478875,0.069297485,0.059140507,Rocky Flats,39.912799,-105.188587
1947,2023-08-05 22:00:00+00:00,0.05702399,0.064,0.056992047,0.06411382,0.06828987,0.070496716,0.05892073,Rocky Flats,39.912799,-105.188587
1948,2023-08-05 23:00:00+00:00,0.06560373,0.065,0.05821254,0.06353957,0.067179814,0.0709226,0.057721544,Rocky Flats,39.912799,-105.188587
1949,2023-08-06 00:00:00+00:00,0.06410706,0.061,0.06498299,0.059915885,0.06551146,0.07007984,0.055598162,Rocky Flats,39.912799,-105.188587
1950,2023-08-06 01:00:00+00:00,0.057497915,0.056,0.06012876,0.058754876,0.06043198,0.06541884,0.05254385,Rocky Flats,39.912799,-105.188587
1951,2023-08-06 02:00:00+00:00,0.05287461,0.049,0.054289646,0.059314564,0.056217063,0.061563548,0.050063152,Rocky Flats,39.912799,-105.188587
1952,2023-08-06 03:00:00+00:00,0.04676272,0.048,0.051147774,0.05506888,0.052268796,0.057973865,0.04820726,Rocky Flats,39.912799,-105.188587
1953,2023-08-06 04:00:00+00:00,0.047076758,0.047,0.04578016,0.051667392,0.049877048,0.053958554,0.046738263,Rocky Flats,39.912799,-105.188587
1954,2023-08-06 05:00:00+00:00,0.045686305,0.048,0.045560937,0.048615254,0.050000727,0.050532833,0.04512022,Rocky Flats,39.912799,-105.188587
1955,2023-08-06 06:00:00+00:00,0.046851147,0.047,0.044013985,0.042563096,0.047778513,0.047540415,0.043715682,Rocky Flats,39.912799,-105.188587
1956,2023-08-06 07:00:00+00:00,0.04535933,0.048,0.046070836,0.040076036,0.045229875,0.046365894,0.043074716,Rocky Flats,39.912799,-105.188587
1957,2023-08-06 08:00:00+00:00,0.04640107,0.044,0.044471245,0.03944104,0.045303572,0.044870168,0.043581627,Rocky Flats,39.912799,-105.188587
1958,2023-08-06 09:00:00+00:00,0.041856933,0.045,0.04654644,0.040115245,0.04263038,0.044913623,0.042956572,Rocky Flats,39.912799,-105.188587
1959,2023-08-06 10:00:00+00:00,0.043006428,0.042,0.041388214,0.039538134,0.0398548,0.044786666,0.04267958,Rocky Flats,39.912799,-105.188587
1960,2023-08-06 11:00:00+00:00,0.03953528,0.043,0.04331845,0.039538458,0.037817102,0.043498676,0.042005215,Rocky Flats,39.912799,-105.188587
1961,2023-08-06 12:00:00+00:00,0.0409484,0.044,0.03896098,0.034190882,0.036360536,0.04241334,0.041472275,Rocky Flats,39.912799,-105.188587
1962,2023-08-06 13:00:00+00:00,0.042450704,0.043,0.04130634,0.034400403,0.034729768,0.039890777,0.04058178,Rocky Flats,39.912799,-105.188587
1963,2023-08-06 14:00:00+00:00,0.04224396,0.041,0.043948967,0.03834075,0.035462994,0.038418148,0.044232182,Rocky Flats,39.912799,-105.188587
1964,2023-08-06 15:00:00+00:00,0.041164808,0.042,0.046439968,0.0454938,0.036102246,0.04164224,0.048169773,Rocky Flats,39.912799,-105.188587
1965,2023-08-06 16:00:00+00:00,0.04305955,0.044,0.046753153,0.05088607,0.040164206,0.046017084,0.05389426,Rocky Flats,39.912799,-105.188587
1966,2023-08-06 17:00:00+00:00,0.046749346,0.046,0.048031192,0.05360631,0.04507534,0.048516773,0.05964095,Rocky Flats,39.912799,-105.188587
1967,2023-08-06 18:00:00+00:00,0.04744649,0.05,0.052197926,0.053696997,0.05250999,0.053443696,0.06401112,Rocky Flats,39.912799,-105.188587
1968,2023-08-06 19:00:00+00:00,0.051364068,0.051,0.05094753,0.053076696,0.058879346,0.058076885,0.06704302,Rocky Flats,39.912799,-105.188587
1969,2023-08-06 20:00:00+00:00,0.05094317,0.05,0.05398649,0.05543514,0.0640265,0.06401469,0.06948262,Rocky Flats,39.912799,-105.188587
1970,2023-08-06 21:00:00+00:00,0.04875713,0.047,0.051083263,0.051610116,0.0673901,0.06916026,0.07022918,Rocky Flats,39.912799,-105.188587
1971,2023-08-06 22:00:00+00:00,0.04559156,0.051,0.048300542,0.053257722,0.06821342,0.073471606,0.0697994,Rocky Flats,39.912799,-105.188587
1972,2023-08-06 23:00:00+00:00,0.051402643,0.053,0.04523357,0.0513529,0.071230054,0.07560244,0.06928322,Rocky Flats,39.912799,-105.188587
1973,2023-08-07 00:00:00+00:00,0.051565126,0.052,0.050387155,0.04696636,0.06440714,0.07421504,0.06511686,Rocky Flats,39.912799,-105.188587
1974,2023-08-07 01:00:00+00:00,0.048784204,0.044,0.04866611,0.04238678,0.059721924,0.07015674,0.062960416,Rocky Flats,39.912799,-105.188587
1975,2023-08-07 02:00:00+00:00,0.040946685,0.044,0.046078227,0.042258047,0.05123105,0.066025175,0.058925398,Rocky Flats,39.912799,-105.188587
1976,2023-08-07 03:00:00+00:00,0.042647578,0.045,0.039027646,0.041252684,0.046426035,0.062025767,0.056829926,Rocky Flats,39.912799,-105.188587
1977,2023-08-07 04:00:00+00:00,0.043570135,0.045,0.041855484,0.039464008,0.04331625,0.058596395,0.055711262,Rocky Flats,39.912799,-105.188587
1978,2023-08-07 05:00:00+00:00,0.043478213,0.042,0.042281885,0.03601964,0.041862205,0.059314944,0.053209767,Rocky Flats,39.912799,-105.188587
1979,2023-08-07 06:00:00+00:00,0.041132946,0.041,0.042638537,0.034567885,0.0409925,0.055310134,0.050434988,Rocky Flats,39.912799,-105.188587
1980,2023-08-07 07:00:00+00:00,0.040597163,0.042,0.041718,0.034710336,0.038770154,0.052515034,0.04476025,Rocky Flats,39.912799,-105.188587
1981,2023-08-07 08:00:00+00:00,0.041613422,0.041,0.040381547,0.03550163,0.037648197,0.049129017,0.04055244,Rocky Flats,39.912799,-105.188587
1982,2023-08-07 09:00:00+00:00,0.03966652,0.037,0.040948287,0.036204733,0.03818108,0.0463148,0.039035134,Rocky Flats,39.912799,-105.188587
1983,2023-08-07 10:00:00+00:00,0.03552518,0.032,0.037110172,0.036659103,0.03872526,0.043176245,0.040218834,Rocky Flats,39.912799,-105.188587
1984,2023-08-07 11:00:00+00:00,0.030524893,0.037,0.033713978,0.03791711,0.03925471,0.041104507,0.03863704,Rocky Flats,39.912799,-105.188587
1985,2023-08-07 12:00:00+00:00,0.035535786,0.039,0.03003975,0.03444388,0.039514367,0.03817386,0.03740733,Rocky Flats,39.912799,-105.188587
1986,2023-08-07 13:00:00+00:00,0.037879765,0.035,0.038798254,0.033275753,0.038757216,0.037015375,0.038050205,Rocky Flats,39.912799,-105.188587
1987,2023-08-07 14:00:00+00:00,0.035306305,0.035500000000000004,0.042839263,0.036505282,0.039266262,0.040070057,0.04311668,Rocky Flats,39.912799,-105.188587
1988,2023-08-07 15:00:00+00:00,0.038668104,0.036,0.042051647,0.044728223,0.039586555,0.046710107,0.05029573,Rocky Flats,39.912799,-105.188587
1989,2023-08-07 16:00:00+00:00,0.040489517,0.041,0.04790613,0.051961936,0.04429605,0.05270237,0.057652522,Rocky Flats,39.912799,-105.188587
1990,2023-08-07 17:00:00+00:00,0.04687388,0.052,0.050520226,0.057259176,0.050083417,0.056693956,0.061299976,Rocky Flats,39.912799,-105.188587
1991,2023-08-07 18:00:00+00:00,0.05943012,0.059000000000000004,0.056546777,0.061449975,0.057955768,0.060324494,0.06530663,Rocky Flats,39.912799,-105.188587
1992,2023-08-07 19:00:00+00:00,0.06268125,0.062000000000000006,0.0680632,0.062429074,0.063109085,0.06258758,0.073184736,Rocky Flats,39.912799,-105.188587
1993,2023-08-07 20:00:00+00:00,0.06343223,0.063,0.065715425,0.058300868,0.06471329,0.06428446,0.07668624,Rocky Flats,39.912799,-105.188587
1994,2023-08-07 21:00:00+00:00,0.06429081,0.068,0.06487579,0.057447173,0.06594682,0.0654567,0.07945063,Rocky Flats,39.912799,-105.188587
1995,2023-08-07 22:00:00+00:00,0.0657516,0.065,0.06550022,0.0581702,0.06387193,0.06875464,0.080605075,Rocky Flats,39.912799,-105.188587
1996,2023-08-07 23:00:00+00:00,0.061373282,0.059000000000000004,0.06262553,0.059021674,0.061800107,0.07139765,0.078160174,Rocky Flats,39.912799,-105.188587
1997,2023-08-08 00:00:00+00:00,0.05553015,0.056,0.056912154,0.058743548,0.060633972,0.067736365,0.072990976,Rocky Flats,39.912799,-105.188587
1998,2023-08-08 01:00:00+00:00,0.054138903,0.051,0.05311717,0.05552394,0.059054818,0.06222366,0.066027135,Rocky Flats,39.912799,-105.188587
1999,2023-08-08 02:00:00+00:00,0.049051493,0.047,0.051369943,0.054039802,0.05603241,0.05826318,0.05954511,Rocky Flats,39.912799,-105.188587
2000,2023-08-08 03:00:00+00:00,0.044889413,0.048,0.047487434,0.050321504,0.053826198,0.05281508,0.05620138,Rocky Flats,39.912799,-105.188587
2001,2023-08-08 04:00:00+00:00,0.046996295,0.044,0.04443148,0.048513632,0.049829558,0.05023665,0.054281555,Rocky Flats,39.912799,-105.188587
2002,2023-08-08 05:00:00+00:00,0.04231067,0.044,0.04595857,0.044347096,0.047084045,0.04861424,0.0504616,Rocky Flats,39.912799,-105.188587
2003,2023-08-08 06:00:00+00:00,0.043145232,0.046,0.041454896,0.04067519,0.0445079,0.046127453,0.047971234,Rocky Flats,39.912799,-105.188587
2004,2023-08-08 07:00:00+00:00,0.045024857,0.043,0.04235184,0.03906244,0.042118598,0.04330249,0.045600478,Rocky Flats,39.912799,-105.188587
2005,2023-08-08 08:00:00+00:00,0.041549318,0.043,0.043359987,0.036435448,0.040148433,0.041531734,0.043284513,Rocky Flats,39.912799,-105.188587
2006,2023-08-08 09:00:00+00:00,0.041952927,0.046,0.041053858,0.03535796,0.03855059,0.042384394,0.042101342,Rocky Flats,39.912799,-105.188587
2007,2023-08-08 10:00:00+00:00,0.044684988,0.044,0.041859843,0.03708911,0.03742402,0.043588024,0.04149053,Rocky Flats,39.912799,-105.188587
2008,2023-08-08 11:00:00+00:00,0.041879967,0.044,0.04374652,0.03591081,0.034937974,0.043010183,0.041190475,Rocky Flats,39.912799,-105.188587
2009,2023-08-08 12:00:00+00:00,0.041934773,0.042,0.040092558,0.035746742,0.032205906,0.040393166,0.041059494,Rocky Flats,39.912799,-105.188587
2010,2023-08-08 13:00:00+00:00,0.040582065,0.038,0.041107014,0.03679096,0.032143064,0.038627964,0.04050066,Rocky Flats,39.912799,-105.188587
2011,2023-08-08 14:00:00+00:00,0.038261637,0.046,0.042964242,0.03856448,0.035261694,0.04003784,0.040057816,Rocky Flats,39.912799,-105.188587
2012,2023-08-08 15:00:00+00:00,0.049334023,0.048,0.045189343,0.044505212,0.04238697,0.04479629,0.045122366,Rocky Flats,39.912799,-105.188587
2013,2023-08-08 16:00:00+00:00,0.051039178,0.05,0.057354692,0.05028667,0.049727906,0.049949024,0.054222196,Rocky Flats,39.912799,-105.188587
2014,2023-08-08 17:00:00+00:00,0.053843483,0.052,0.059039462,0.0560383,0.055306047,0.05489041,0.059636425,Rocky Flats,39.912799,-105.188587
2015,2023-08-08 18:00:00+00:00,0.054216187,0.056,0.061337788,0.06246778,0.06095058,0.059135523,0.06339104,Rocky Flats,39.912799,-105.188587
2016,2023-08-08 19:00:00+00:00,0.057486843,0.06,0.05828733,0.06442679,0.065136015,0.0628665,0.06480426,Rocky Flats,39.912799,-105.188587
2017,2023-08-08 20:00:00+00:00,0.06207688,0.063,0.058942247,0.06630773,0.06785097,0.06550196,0.06392467,Rocky Flats,39.912799,-105.188587
2018,2023-08-08 21:00:00+00:00,0.062199198,0.066,0.06294781,0.059935044,0.07127826,0.06726787,0.061341427,Rocky Flats,39.912799,-105.188587
2019,2023-08-08 22:00:00+00:00,0.06584534,0.066,0.06139431,0.056034163,0.070611335,0.0697089,0.0576719,Rocky Flats,39.912799,-105.188587
2020,2023-08-08 23:00:00+00:00,0.06495991,0.067,0.063688695,0.05812825,0.0710986,0.07210318,0.054351825,Rocky Flats,39.912799,-105.188587
2021,2023-08-09 00:00:00+00:00,0.06528191,0.063,0.062536106,0.054303486,0.0633871,0.071131505,0.05324137,Rocky Flats,39.912799,-105.188587
2022,2023-08-09 01:00:00+00:00,0.058931343,0.054,0.062259544,0.05552178,0.056335617,0.068294734,0.053592842,Rocky Flats,39.912799,-105.188587
2023,2023-08-09 02:00:00+00:00,0.05043588,0.045,0.055655222,0.054852623,0.05374016,0.06660221,0.054659843,Rocky Flats,39.912799,-105.188587
2024,2023-08-09 03:00:00+00:00,0.04382832,0.05,0.049708847,0.05440582,0.049777735,0.06399944,0.054159727,Rocky Flats,39.912799,-105.188587
2025,2023-08-09 04:00:00+00:00,0.04981801,0.05,0.044904236,0.05099342,0.049345545,0.058341082,0.052510656,Rocky Flats,39.912799,-105.188587
2026,2023-08-09 05:00:00+00:00,0.048810173,0.051,0.048811644,0.046293724,0.049449872,0.05471369,0.050786857,Rocky Flats,39.912799,-105.188587
2027,2023-08-09 06:00:00+00:00,0.049815554,0.054,0.04751157,0.041549914,0.049095936,0.054150347,0.050022613,Rocky Flats,39.912799,-105.188587
2028,2023-08-09 07:00:00+00:00,0.05298063,0.053,0.049374375,0.04139331,0.047064662,0.049664754,0.049433842,Rocky Flats,39.912799,-105.188587
2029,2023-08-09 08:00:00+00:00,0.051522207,0.047,0.0519255,0.040540665,0.045508955,0.048664656,0.04905878,Rocky Flats,39.912799,-105.188587
2030,2023-08-09 09:00:00+00:00,0.045866225,0.05,0.05056492,0.043888435,0.04381141,0.04792377,0.047548275,Rocky Flats,39.912799,-105.188587
2031,2023-08-09 10:00:00+00:00,0.048942115,0.051,0.044953365,0.045740012,0.043296255,0.047988523,0.045363527,Rocky Flats,39.912799,-105.188587
2032,2023-08-09 11:00:00+00:00,0.049021877,0.053,0.04787084,0.045620315,0.040332425,0.047057312,0.04502906,Rocky Flats,39.912799,-105.188587
2033,2023-08-09 12:00:00+00:00,0.050445464,0.055,0.04651817,0.04167249,0.039491154,0.04505349,0.042144164,Rocky Flats,39.912799,-105.188587
2034,2023-08-09 13:00:00+00:00,0.051899422,0.049,0.04894736,0.041759636,0.03841681,0.04250498,0.042976197,Rocky Flats,39.912799,-105.188587
2035,2023-08-09 14:00:00+00:00,0.047182187,0.042,0.052763887,0.044555444,0.04084591,0.043050796,0.044940148,Rocky Flats,39.912799,-105.188587
2036,2023-08-09 15:00:00+00:00,0.04374202,0.049,0.052172422,0.051100474,0.045475617,0.04771202,0.04993023,Rocky Flats,39.912799,-105.188587
2037,2023-08-09 16:00:00+00:00,0.054511268,0.056,0.05329781,0.057783887,0.052162096,0.054146595,0.057604432,Rocky Flats,39.912799,-105.188587
2038,2023-08-09 17:00:00+00:00,0.061345063,0.059000000000000004,0.065042436,0.062391136,0.058331724,0.060106065,0.06236247,Rocky Flats,39.912799,-105.188587
2039,2023-08-09 18:00:00+00:00,0.062184308,0.065,0.07092113,0.066303894,0.06457632,0.06557482,0.0660342,Rocky Flats,39.912799,-105.188587
2040,2023-08-09 19:00:00+00:00,0.06872041,0.069,0.06844211,0.07054337,0.06980132,0.070070244,0.0690158,Rocky Flats,39.912799,-105.188587
2041,2023-08-09 20:00:00+00:00,0.07078865,0.069,0.072662465,0.07371245,0.073309734,0.07264324,0.07114729,Rocky Flats,39.912799,-105.188587
2042,2023-08-09 21:00:00+00:00,0.06936543,0.071,0.072792746,0.074786596,0.075434,0.07468202,0.06942385,Rocky Flats,39.912799,-105.188587
2043,2023-08-09 22:00:00+00:00,0.0713719,0.072,0.07072834,0.07741512,0.07747729,0.07667727,0.066677846,Rocky Flats,39.912799,-105.188587
2044,2023-08-09 23:00:00+00:00,0.07069875,0.073,0.07169809,0.076800905,0.07683873,0.07720893,0.06433448,Rocky Flats,39.912799,-105.188587
2045,2023-08-10 00:00:00+00:00,0.07056499,0.077,0.0685929,0.072558604,0.075068876,0.07529704,0.061853588,Rocky Flats,39.912799,-105.188587
2046,2023-08-10 01:00:00+00:00,0.07354639,0.071,0.06640905,0.06866629,0.07192909,0.06974207,0.05956235,Rocky Flats,39.912799,-105.188587
2047,2023-08-10 02:00:00+00:00,0.065885276,0.061,0.06857741,0.064392954,0.067101605,0.06490636,0.057772025,Rocky Flats,39.912799,-105.188587
2048,2023-08-10 03:00:00+00:00,0.057294697,0.059000000000000004,0.062582806,0.06169881,0.06276774,0.061784275,0.05664935,Rocky Flats,39.912799,-105.188587
2049,2023-08-10 04:00:00+00:00,0.0577939,0.062000000000000006,0.056049127,0.0631958,0.06050582,0.05803822,0.055818874,Rocky Flats,39.912799,-105.188587
2050,2023-08-10 05:00:00+00:00,0.061246198,0.067,0.057323992,0.05928021,0.058676504,0.056220166,0.053789645,Rocky Flats,39.912799,-105.188587
2051,2023-08-10 06:00:00+00:00,0.066298924,0.065,0.059755255,0.05311511,0.057251077,0.05389499,0.05213735,Rocky Flats,39.912799,-105.188587
2052,2023-08-10 07:00:00+00:00,0.06342425,0.064,0.06451587,0.05221286,0.056786563,0.051331054,0.05317877,Rocky Flats,39.912799,-105.188587
2053,2023-08-10 08:00:00+00:00,0.06260923,0.061,0.061362807,0.052811258,0.0537538,0.0493181,0.055112485,Rocky Flats,39.912799,-105.188587
2054,2023-08-10 09:00:00+00:00,0.059316147,0.055,0.06169976,0.056346137,0.04987356,0.04817888,0.05298443,Rocky Flats,39.912799,-105.188587
2055,2023-08-10 10:00:00+00:00,0.05304442,0.053,0.057811584,0.05557672,0.04952075,0.0478936,0.050240498,Rocky Flats,39.912799,-105.188587
2056,2023-08-10 11:00:00+00:00,0.05161744,0.055,0.05151691,0.05574265,0.048268043,0.04885606,0.048689887,Rocky Flats,39.912799,-105.188587
2057,2023-08-10 12:00:00+00:00,0.053370953,0.053,0.050015386,0.052095685,0.04760723,0.047809303,0.044877823,Rocky Flats,39.912799,-105.188587
2058,2023-08-10 13:00:00+00:00,0.05043132,0.045,0.05149277,0.046816036,0.045925383,0.045264892,0.043517947,Rocky Flats,39.912799,-105.188587
2059,2023-08-10 14:00:00+00:00,0.044667505,0.039,0.050664216,0.047671396,0.04661554,0.044822965,0.044722646,Rocky Flats,39.912799,-105.188587
2060,2023-08-10 15:00:00+00:00,0.041362,0.053,0.049429987,0.05277268,0.049782578,0.04778525,0.048108697,Rocky Flats,39.912799,-105.188587
2061,2023-08-10 16:00:00+00:00,0.056264672,0.05800000000000001,0.049508564,0.05897964,0.055952776,0.055532556,0.05616299,Rocky Flats,39.912799,-105.188587
2062,2023-08-10 17:00:00+00:00,0.06345133,0.061,0.061302807,0.06376678,0.06464168,0.064174585,0.061907135,Rocky Flats,39.912799,-105.188587
2063,2023-08-10 18:00:00+00:00,0.0645137,0.063,0.07117154,0.06555702,0.07165856,0.07153511,0.0670588,Rocky Flats,39.912799,-105.188587
2064,2023-08-10 19:00:00+00:00,0.06543615,0.06149999999999999,0.070431314,0.069753654,0.076329306,0.07630483,0.06991236,Rocky Flats,39.912799,-105.188587
2065,2023-08-10 20:00:00+00:00,0.06170824,0.06,0.0681961,0.07743567,0.07758631,0.079693496,0.07081934,Rocky Flats,39.912799,-105.188587
2066,2023-08-10 21:00:00+00:00,0.05987905,0.0585,0.062965,0.0767918,0.0756175,0.08274354,0.07058194,Rocky Flats,39.912799,-105.188587
2067,2023-08-10 22:00:00+00:00,0.05857854,0.056999999999999995,0.06037422,0.07520206,0.07577541,0.08484737,0.06947914,Rocky Flats,39.912799,-105.188587
2068,2023-08-10 23:00:00+00:00,0.056804013,0.056999999999999995,0.058508817,0.069851644,0.07572451,0.08428471,0.06721782,Rocky Flats,39.912799,-105.188587
2069,2023-08-11 00:00:00+00:00,0.055820785,0.059000000000000004,0.056398816,0.060273603,0.07110984,0.080219395,0.0659676,Rocky Flats,39.912799,-105.188587
2070,2023-08-11 01:00:00+00:00,0.05724623,0.062000000000000006,0.054763053,0.055775143,0.06452659,0.07128448,0.06399986,Rocky Flats,39.912799,-105.188587
2071,2023-08-11 02:00:00+00:00,0.060900487,0.064,0.054513585,0.053548604,0.0591752,0.06261279,0.06287694,Rocky Flats,39.912799,-105.188587
2072,2023-08-11 03:00:00+00:00,0.06193995,0.061,0.05783139,0.051983956,0.05468173,0.05888597,0.06151667,Rocky Flats,39.912799,-105.188587
2073,2023-08-11 04:00:00+00:00,0.058951378,0.054,0.059613287,0.052120853,0.052521918,0.055760924,0.05984536,Rocky Flats,39.912799,-105.188587
2074,2023-08-11 05:00:00+00:00,0.05325437,0.055,0.05744769,0.05426504,0.051860195,0.05327424,0.0587223,Rocky Flats,39.912799,-105.188587
2075,2023-08-11 06:00:00+00:00,0.055010542,0.054,0.05308882,0.05657241,0.05070696,0.05014194,0.057143692,Rocky Flats,39.912799,-105.188587
2076,2023-08-11 07:00:00+00:00,0.053977434,0.051,0.05505676,0.054982256,0.04955477,0.04721426,0.055583857,Rocky Flats,39.912799,-105.188587
2077,2023-08-11 08:00:00+00:00,0.05106735,0.051,0.053642944,0.05316446,0.049816385,0.045547817,0.055425014,Rocky Flats,39.912799,-105.188587
2078,2023-08-11 09:00:00+00:00,0.05122785,0.053,0.05141003,0.053239197,0.049959417,0.045103844,0.053087577,Rocky Flats,39.912799,-105.188587
2079,2023-08-11 10:00:00+00:00,0.052488744,0.055,0.051805284,0.052396663,0.049649492,0.045813516,0.05118516,Rocky Flats,39.912799,-105.188587
2080,2023-08-11 11:00:00+00:00,0.054211136,0.053,0.05236105,0.0504841,0.04982862,0.04799866,0.05115157,Rocky Flats,39.912799,-105.188587
2081,2023-08-11 12:00:00+00:00,0.050899357,0.051,0.053144958,0.049296368,0.049579553,0.048301663,0.04930408,Rocky Flats,39.912799,-105.188587
2082,2023-08-11 13:00:00+00:00,0.049613073,0.049,0.049762517,0.048233006,0.049188748,0.04903519,0.046833895,Rocky Flats,39.912799,-105.188587
2083,2023-08-11 14:00:00+00:00,0.049375925,0.047,0.050640784,0.049518198,0.048785217,0.050517567,0.046796374,Rocky Flats,39.912799,-105.188587
2084,2023-08-11 15:00:00+00:00,0.049080376,0.05,0.052599348,0.053965986,0.049834393,0.05406439,0.04925465,Rocky Flats,39.912799,-105.188587
2085,2023-08-11 16:00:00+00:00,0.054165896,0.052,0.056938875,0.059054565,0.052779663,0.059072375,0.0587907,Rocky Flats,39.912799,-105.188587
2086,2023-08-11 17:00:00+00:00,0.05625213,0.054,0.06275586,0.06583715,0.05707947,0.06562039,0.067455254,Rocky Flats,39.912799,-105.188587
2087,2023-08-11 18:00:00+00:00,0.057253007,0.055,0.063209295,0.07206419,0.06052818,0.072194986,0.07233819,Rocky Flats,39.912799,-105.188587
2088,2023-08-11 19:00:00+00:00,0.057279244,0.05800000000000001,0.06257793,0.07567237,0.0614148,0.076360926,0.07442772,Rocky Flats,39.912799,-105.188587
2089,2023-08-11 20:00:00+00:00,0.0605515,0.074,0.06139566,0.075266935,0.05881401,0.07865421,0.0745565,Rocky Flats,39.912799,-105.188587
2090,2023-08-11 21:00:00+00:00,0.079505,0.078,0.06385724,0.072025724,0.057149306,0.07903276,0.07459505,Rocky Flats,39.912799,-105.188587
2091,2023-08-11 22:00:00+00:00,0.07727432,0.078,0.0794721,0.069471896,0.056763336,0.077505164,0.07374784,Rocky Flats,39.912799,-105.188587
2092,2023-08-11 23:00:00+00:00,0.07358293,0.064,0.07277702,0.06752773,0.05743942,0.0741981,0.07184027,Rocky Flats,39.912799,-105.188587
2093,2023-08-12 00:00:00+00:00,0.058927707,0.052,0.06484241,0.07456423,0.0572766,0.0695113,0.069196604,Rocky Flats,39.912799,-105.188587
2094,2023-08-12 01:00:00+00:00,0.05112043,0.047,0.054898623,0.066658884,0.056667272,0.06368481,0.06587596,Rocky Flats,39.912799,-105.188587
2095,2023-08-12 02:00:00+00:00,0.048745785,0.043,0.05253862,0.06055129,0.05514588,0.059683282,0.06126208,Rocky Flats,39.912799,-105.188587
2096,2023-08-12 03:00:00+00:00,0.043786924,0.047,0.05066871,0.05386954,0.055917487,0.056964114,0.06073752,Rocky Flats,39.912799,-105.188587
2097,2023-08-12 04:00:00+00:00,0.04742345,0.044,0.046561975,0.050947186,0.054978777,0.05570352,0.05596903,Rocky Flats,39.912799,-105.188587
2098,2023-08-12 05:00:00+00:00,0.04410372,0.041,0.048698105,0.049663845,0.052348938,0.054772243,0.05387456,Rocky Flats,39.912799,-105.188587
2099,2023-08-12 06:00:00+00:00,0.0414201,0.047,0.046177246,0.04592961,0.04867795,0.05398631,0.052572694,Rocky Flats,39.912799,-105.188587
2100,2023-08-12 07:00:00+00:00,0.047558986,0.05,0.044157214,0.047847398,0.047829468,0.05424807,0.052300483,Rocky Flats,39.912799,-105.188587
2101,2023-08-12 08:00:00+00:00,0.05023239,0.049,0.04911689,0.045903765,0.04789291,0.05396376,0.050744094,Rocky Flats,39.912799,-105.188587
2102,2023-08-12 09:00:00+00:00,0.04885124,0.047,0.051081207,0.04415084,0.046591062,0.052236006,0.049040306,Rocky Flats,39.912799,-105.188587
2103,2023-08-12 10:00:00+00:00,0.04645302,0.049,0.04916906,0.046649296,0.04725502,0.051381588,0.047693018,Rocky Flats,39.912799,-105.188587
2104,2023-08-12 11:00:00+00:00,0.047751322,0.048,0.04592546,0.04716837,0.04574344,0.05060071,0.04747396,Rocky Flats,39.912799,-105.188587
2105,2023-08-12 12:00:00+00:00,0.04609968,0.045,0.046458304,0.045040254,0.04358513,0.049103066,0.048811328,Rocky Flats,39.912799,-105.188587
2106,2023-08-12 13:00:00+00:00,0.043425895,0.041,0.04538029,0.044405434,0.043682702,0.0469599,0.048862375,Rocky Flats,39.912799,-105.188587
2107,2023-08-12 14:00:00+00:00,0.04166345,0.037,0.046404712,0.049073033,0.045054223,0.047533628,0.047970574,Rocky Flats,39.912799,-105.188587
2108,2023-08-12 15:00:00+00:00,0.040101387,0.039,0.04943057,0.054583106,0.047644895,0.05005166,0.048844542,Rocky Flats,39.912799,-105.188587
2109,2023-08-12 16:00:00+00:00,0.04405275,0.043,0.05101625,0.059740927,0.0521581,0.05417919,0.05801939,Rocky Flats,39.912799,-105.188587
2110,2023-08-12 17:00:00+00:00,0.047080755,0.051,0.055149153,0.06406582,0.058673467,0.059805322,0.06735488,Rocky Flats,39.912799,-105.188587
2111,2023-08-12 18:00:00+00:00,0.05387618,0.054,0.05461706,0.064909324,0.06420065,0.06509783,0.07389823,Rocky Flats,39.912799,-105.188587
2112,2023-08-12 19:00:00+00:00,0.054341197,0.059000000000000004,0.057971448,0.06538441,0.06769649,0.06825779,0.07727378,Rocky Flats,39.912799,-105.188587
2113,2023-08-12 20:00:00+00:00,0.060137574,0.055,0.054583665,0.058401693,0.068641655,0.069460414,0.07884635,Rocky Flats,39.912799,-105.188587
2114,2023-08-12 21:00:00+00:00,0.054232564,0.051,0.058067445,0.056554046,0.06911911,0.07024033,0.078203194,Rocky Flats,39.912799,-105.188587
2115,2023-08-12 22:00:00+00:00,0.050212447,0.053,0.053003117,0.052997597,0.07015237,0.070403,0.07608022,Rocky Flats,39.912799,-105.188587
2116,2023-08-12 23:00:00+00:00,0.053439558,0.052,0.04986073,0.053045586,0.064477906,0.068522684,0.071039826,Rocky Flats,39.912799,-105.188587
2117,2023-08-13 00:00:00+00:00,0.051560666,0.047,0.051978845,0.05244962,0.06025332,0.06509439,0.06566682,Rocky Flats,39.912799,-105.188587
2118,2023-08-13 01:00:00+00:00,0.045351285,0.046,0.04929493,0.04915098,0.053695492,0.0589525,0.060224377,Rocky Flats,39.912799,-105.188587
2119,2023-08-13 02:00:00+00:00,0.045667022,0.048,0.044926375,0.049197335,0.05297454,0.054739412,0.058440465,Rocky Flats,39.912799,-105.188587
2120,2023-08-13 03:00:00+00:00,0.047437567,0.048,0.045234587,0.046816908,0.05081565,0.05017221,0.056999832,Rocky Flats,39.912799,-105.188587
2121,2023-08-13 04:00:00+00:00,0.04718749,0.048,0.04717324,0.044428445,0.049153645,0.048375316,0.05731684,Rocky Flats,39.912799,-105.188587
2122,2023-08-13 05:00:00+00:00,0.04764914,0.048,0.047083218,0.043047417,0.04910856,0.04719096,0.05632137,Rocky Flats,39.912799,-105.188587
2123,2023-08-13 06:00:00+00:00,0.04800974,0.05,0.04773399,0.044506416,0.047813673,0.048284817,0.054057162,Rocky Flats,39.912799,-105.188587
2124,2023-08-13 07:00:00+00:00,0.050147142,0.053,0.048084013,0.044569474,0.04632317,0.04800639,0.051099017,Rocky Flats,39.912799,-105.188587
2125,2023-08-13 08:00:00+00:00,0.05298307,0.055,0.0503715,0.04544065,0.0460653,0.04623849,0.04689224,Rocky Flats,39.912799,-105.188587
2126,2023-08-13 09:00:00+00:00,0.054834343,0.056,0.052522894,0.04569117,0.046157196,0.045570884,0.0418214,Rocky Flats,39.912799,-105.188587
2127,2023-08-13 10:00:00+00:00,0.055601127,0.055,0.054336276,0.046466216,0.04517311,0.045607228,0.037977833,Rocky Flats,39.912799,-105.188587
2128,2023-08-13 11:00:00+00:00,0.05431451,0.045,0.054997567,0.047155205,0.04465576,0.044989478,0.037316743,Rocky Flats,39.912799,-105.188587
2129,2023-08-13 12:00:00+00:00,0.042792343,0.037,0.053567637,0.047575515,0.044081975,0.04341075,0.039159585,Rocky Flats,39.912799,-105.188587
2130,2023-08-13 13:00:00+00:00,0.035713308,0.041,0.04117139,0.048606265,0.04425112,0.043740753,0.03956543,Rocky Flats,39.912799,-105.188587
2131,2023-08-13 14:00:00+00:00,0.042083073,0.043,0.03951919,0.0499292,0.045685038,0.046118572,0.04035371,Rocky Flats,39.912799,-105.188587
2132,2023-08-13 15:00:00+00:00,0.045597963,0.041,0.04820997,0.051579285,0.048686117,0.051127374,0.042629033,Rocky Flats,39.912799,-105.188587
2133,2023-08-13 16:00:00+00:00,0.04421406,0.043,0.05203733,0.05486255,0.05262439,0.05724353,0.052022103,Rocky Flats,39.912799,-105.188587
2134,2023-08-13 17:00:00+00:00,0.047913674,0.047,0.051606167,0.06102224,0.056491964,0.063208975,0.060010307,Rocky Flats,39.912799,-105.188587
2135,2023-08-13 18:00:00+00:00,0.0512108,0.049,0.054789353,0.06436857,0.06031147,0.0683025,0.06708811,Rocky Flats,39.912799,-105.188587
2136,2023-08-13 19:00:00+00:00,0.05128899,0.05,0.057113037,0.063048236,0.06553881,0.07143312,0.072191685,Rocky Flats,39.912799,-105.188587
2137,2023-08-13 20:00:00+00:00,0.05191449,0.05,0.0555834,0.065285474,0.069187984,0.07258018,0.07634091,Rocky Flats,39.912799,-105.188587
2138,2023-08-13 21:00:00+00:00,0.05075487,0.048,0.054564394,0.065616496,0.07013405,0.071844675,0.07861984,Rocky Flats,39.912799,-105.188587
2139,2023-08-13 22:00:00+00:00,0.046717845,0.048,0.052442156,0.06731754,0.06960449,0.07048839,0.07865175,Rocky Flats,39.912799,-105.188587
2140,2023-08-13 23:00:00+00:00,0.047097415,0.048,0.046426762,0.06688018,0.06954482,0.067784436,0.074947245,Rocky Flats,39.912799,-105.188587
2141,2023-08-14 00:00:00+00:00,0.046585478,0.048,0.045824748,0.06469079,0.06576183,0.06512575,0.06859762,Rocky Flats,39.912799,-105.188587
2142,2023-08-14 01:00:00+00:00,0.04630705,0.048,0.0449531,0.052693106,0.061287593,0.060353868,0.061943997,Rocky Flats,39.912799,-105.188587
2143,2023-08-14 02:00:00+00:00,0.047196236,0.045,0.045064185,0.047639422,0.056711633,0.05539144,0.057734996,Rocky Flats,39.912799,-105.188587
2144,2023-08-14 03:00:00+00:00,0.043389082,0.045,0.046090268,0.043626726,0.05276919,0.052201886,0.057136558,Rocky Flats,39.912799,-105.188587
2145,2023-08-14 04:00:00+00:00,0.044217944,0.042,0.042917818,0.041615617,0.047003385,0.046901304,0.05581851,Rocky Flats,39.912799,-105.188587
2146,2023-08-14 05:00:00+00:00,0.04111442,0.042,0.043692462,0.038165186,0.04507298,0.04370608,0.05432406,Rocky Flats,39.912799,-105.188587
2147,2023-08-14 06:00:00+00:00,0.041610092,0.045,0.040196553,0.034276847,0.04377815,0.039781127,0.052325387,Rocky Flats,39.912799,-105.188587
2148,2023-08-14 07:00:00+00:00,0.044721372,0.04,0.041227654,0.033186447,0.040504992,0.03820023,0.049045008,Rocky Flats,39.912799,-105.188587
2149,2023-08-14 08:00:00+00:00,0.039343163,0.04,0.043704912,0.033092953,0.038494866,0.033146612,0.04413955,Rocky Flats,39.912799,-105.188587
2150,2023-08-14 09:00:00+00:00,0.039539117,0.041,0.039325714,0.03674239,0.036048785,0.03256486,0.039949708,Rocky Flats,39.912799,-105.188587
2151,2023-08-14 10:00:00+00:00,0.04042823,0.04,0.039293014,0.040321633,0.035309274,0.032767188,0.037970833,Rocky Flats,39.912799,-105.188587
2152,2023-08-14 11:00:00+00:00,0.03918967,0.033,0.039674476,0.040062275,0.033495333,0.034367852,0.036234494,Rocky Flats,39.912799,-105.188587
2153,2023-08-14 12:00:00+00:00,0.032599304,0.032,0.038439434,0.03897751,0.033620443,0.034433506,0.036131535,Rocky Flats,39.912799,-105.188587
2154,2023-08-14 13:00:00+00:00,0.031880505,0.034,0.032979295,0.039088286,0.034621887,0.03505569,0.033944417,Rocky Flats,39.912799,-105.188587
2155,2023-08-14 14:00:00+00:00,0.035265215,0.037,0.035659503,0.040775467,0.0371739,0.036851976,0.036589004,Rocky Flats,39.912799,-105.188587
2156,2023-08-14 15:00:00+00:00,0.039776806,0.039,0.04208767,0.04293195,0.041880254,0.03917511,0.04188125,Rocky Flats,39.912799,-105.188587
2157,2023-08-14 16:00:00+00:00,0.042227495,0.043,0.048041593,0.04710324,0.04763293,0.044306163,0.04834707,Rocky Flats,39.912799,-105.188587
2158,2023-08-14 17:00:00+00:00,0.047998644,0.049,0.050651327,0.05214733,0.052847784,0.049723957,0.053016305,Rocky Flats,39.912799,-105.188587
2159,2023-08-14 18:00:00+00:00,0.054508023,0.055,0.056243867,0.05812593,0.055972934,0.055297982,0.05646706,Rocky Flats,39.912799,-105.188587
2160,2023-08-14 19:00:00+00:00,0.059444692,0.06,0.06260392,0.0602807,0.05948,0.05968775,0.058698975,Rocky Flats,39.912799,-105.188587
2161,2023-08-14 20:00:00+00:00,0.06294421,0.068,0.06531935,0.06603911,0.06301604,0.06198664,0.059213627,Rocky Flats,39.912799,-105.188587
2162,2023-08-14 21:00:00+00:00,0.07112418,0.074,0.06628455,0.06941481,0.065347075,0.06232838,0.05842392,Rocky Flats,39.912799,-105.188587
2163,2023-08-14 22:00:00+00:00,0.07475795,0.072,0.07258276,0.07283121,0.06428634,0.06086287,0.058271963,Rocky Flats,39.912799,-105.188587
2164,2023-08-14 23:00:00+00:00,0.06971563,0.07,0.07331395,0.07172437,0.06512541,0.059750676,0.056243706,Rocky Flats,39.912799,-105.188587
2165,2023-08-15 00:00:00+00:00,0.06696318,0.07,0.06625292,0.07118326,0.06282267,0.05852763,0.05482427,Rocky Flats,39.912799,-105.188587
2166,2023-08-15 01:00:00+00:00,0.066179566,0.068,0.062850274,0.06782195,0.0598945,0.05624295,0.054310136,Rocky Flats,39.912799,-105.188587
2167,2023-08-15 02:00:00+00:00,0.06405084,0.062000000000000006,0.062313117,0.061634284,0.05501618,0.052431326,0.052682508,Rocky Flats,39.912799,-105.188587
2168,2023-08-15 03:00:00+00:00,0.05803538,0.063,0.060864855,0.05786675,0.053079903,0.0509319,0.051400702,Rocky Flats,39.912799,-105.188587
2169,2023-08-15 04:00:00+00:00,0.06115472,0.061,0.055798035,0.05609723,0.05235286,0.04963062,0.050598048,Rocky Flats,39.912799,-105.188587
2170,2023-08-15 05:00:00+00:00,0.05898742,0.059000000000000004,0.058978442,0.054800984,0.0500883,0.049288448,0.050511617,Rocky Flats,39.912799,-105.188587
2171,2023-08-15 06:00:00+00:00,0.05727632,0.056,0.05677687,0.05122775,0.049058817,0.04856592,0.049642865,Rocky Flats,39.912799,-105.188587
2172,2023-08-15 07:00:00+00:00,0.054917526,0.056,0.056524545,0.051267758,0.048978195,0.048570782,0.047395047,Rocky Flats,39.912799,-105.188587
2173,2023-08-15 08:00:00+00:00,0.055062875,0.05800000000000001,0.05389088,0.050877716,0.049110476,0.048604988,0.044507843,Rocky Flats,39.912799,-105.188587
2174,2023-08-15 09:00:00+00:00,0.05708641,0.055,0.054791257,0.050864365,0.047041167,0.047699016,0.04143306,Rocky Flats,39.912799,-105.188587
2175,2023-08-15 10:00:00+00:00,0.05312474,0.054,0.05659988,0.04898723,0.047560837,0.0469747,0.040073335,Rocky Flats,39.912799,-105.188587
2176,2023-08-15 11:00:00+00:00,0.051313233,0.054,0.051744994,0.049020562,0.046378806,0.04657085,0.039308902,Rocky Flats,39.912799,-105.188587
2177,2023-08-15 12:00:00+00:00,0.050883975,0.052,0.050254274,0.049455427,0.045216456,0.045999672,0.040320486,Rocky Flats,39.912799,-105.188587
2178,2023-08-15 13:00:00+00:00,0.04882544,0.048,0.05030035,0.045573924,0.043501623,0.044370707,0.04259886,Rocky Flats,39.912799,-105.188587
2179,2023-08-15 14:00:00+00:00,0.046884377,0.039,0.05044556,0.046004634,0.04403899,0.044609126,0.04199897,Rocky Flats,39.912799,-105.188587
2180,2023-08-15 15:00:00+00:00,0.041421022,0.048,0.05239385,0.051021997,0.04736923,0.047466133,0.04258882,Rocky Flats,39.912799,-105.188587
2181,2023-08-15 16:00:00+00:00,0.05436766,0.056999999999999995,0.05203409,0.057029217,0.05192344,0.053183068,0.049988855,Rocky Flats,39.912799,-105.188587
2182,2023-08-15 17:00:00+00:00,0.06359874,0.067,0.06493176,0.06429484,0.059101127,0.059320692,0.05686932,Rocky Flats,39.912799,-105.188587
2183,2023-08-15 18:00:00+00:00,0.072492175,0.072,0.073115595,0.06901612,0.06537081,0.0655288,0.06397813,Rocky Flats,39.912799,-105.188587
2184,2023-08-15 19:00:00+00:00,0.07432173,0.078,0.07880099,0.07471279,0.0704389,0.070610136,0.070417225,Rocky Flats,39.912799,-105.188587
2185,2023-08-15 20:00:00+00:00,0.08002853,0.078,0.07626111,0.07919017,0.07418381,0.0735927,0.07401805,Rocky Flats,39.912799,-105.188587
2186,2023-08-15 21:00:00+00:00,0.07735197,0.078,0.08118527,0.083828576,0.07496992,0.07551356,0.07526875,Rocky Flats,39.912799,-105.188587
2187,2023-08-15 22:00:00+00:00,0.077310584,0.078,0.077554286,0.083992325,0.07750303,0.077439316,0.074821785,Rocky Flats,39.912799,-105.188587
2188,2023-08-15 23:00:00+00:00,0.076014586,0.086,0.07752355,0.08242145,0.07667594,0.0780904,0.073035255,Rocky Flats,39.912799,-105.188587
2189,2023-08-16 00:00:00+00:00,0.08340885,0.082,0.07360881,0.0763028,0.0753239,0.074993305,0.07003195,Rocky Flats,39.912799,-105.188587
2190,2023-08-16 01:00:00+00:00,0.075169794,0.076,0.07748536,0.07153313,0.07003226,0.06694707,0.06684243,Rocky Flats,39.912799,-105.188587
2191,2023-08-16 02:00:00+00:00,0.071157575,0.075,0.06996526,0.06724964,0.06553187,0.06052248,0.06420146,Rocky Flats,39.912799,-105.188587
2192,2023-08-16 03:00:00+00:00,0.0716254,0.074,0.06824556,0.06780759,0.062461633,0.057776485,0.062090088,Rocky Flats,39.912799,-105.188587
2193,2023-08-16 04:00:00+00:00,0.071702056,0.072,0.06926252,0.06644044,0.061455935,0.0567023,0.05919236,Rocky Flats,39.912799,-105.188587
2194,2023-08-16 05:00:00+00:00,0.070006035,0.073,0.07035682,0.06389288,0.06079289,0.056125313,0.055718247,Rocky Flats,39.912799,-105.188587
2195,2023-08-16 06:00:00+00:00,0.07166461,0.061,0.06971794,0.06454057,0.061904963,0.05473046,0.051156208,Rocky Flats,39.912799,-105.188587
2196,2023-08-16 07:00:00+00:00,0.059984647,0.044,0.07140567,0.06574256,0.0612831,0.052153166,0.049646646,Rocky Flats,39.912799,-105.188587
2197,2023-08-16 08:00:00+00:00,0.047018323,0.043,0.05931679,0.06485177,0.060255535,0.050333224,0.04920287,Rocky Flats,39.912799,-105.188587
2198,2023-08-16 09:00:00+00:00,0.04563964,0.042,0.047815684,0.06558493,0.060574573,0.04922997,0.048575014,Rocky Flats,39.912799,-105.188587
2199,2023-08-16 10:00:00+00:00,0.04353959,0.043,0.047525447,0.057290524,0.0600053,0.050825752,0.049363542,Rocky Flats,39.912799,-105.188587
2200,2023-08-16 11:00:00+00:00,0.043312803,0.045,0.044531666,0.046291124,0.058181766,0.053305533,0.049474392,Rocky Flats,39.912799,-105.188587
2201,2023-08-16 12:00:00+00:00,0.044919714,0.046,0.044366766,0.04459634,0.056121916,0.05414627,0.0493849,Rocky Flats,39.912799,-105.188587
2202,2023-08-16 13:00:00+00:00,0.045485307,0.043,0.04594312,0.042860582,0.05187544,0.053504396,0.049095474,Rocky Flats,39.912799,-105.188587
2203,2023-08-16 14:00:00+00:00,0.043805398,0.044,0.048606586,0.045961283,0.04853018,0.053671185,0.04868284,Rocky Flats,39.912799,-105.188587
2204,2023-08-16 15:00:00+00:00,0.047959454,0.046,0.05124124,0.0527165,0.050248634,0.055870593,0.05115766,Rocky Flats,39.912799,-105.188587
2205,2023-08-16 16:00:00+00:00,0.05274378,0.048,0.057206165,0.059187353,0.05690563,0.06061135,0.05792099,Rocky Flats,39.912799,-105.188587
2206,2023-08-16 17:00:00+00:00,0.054058347,0.051,0.061455514,0.0630096,0.06604539,0.06530722,0.06358732,Rocky Flats,39.912799,-105.188587
2207,2023-08-16 18:00:00+00:00,0.055391017,0.051,0.060556516,0.0655182,0.07275909,0.06794796,0.06822299,Rocky Flats,39.912799,-105.188587
2208,2023-08-16 19:00:00+00:00,0.05215538,0.05,0.060701232,0.06519445,0.07425779,0.06841108,0.06929955,Rocky Flats,39.912799,-105.188587
2209,2023-08-16 20:00:00+00:00,0.05058989,0.05,0.056493204,0.06200913,0.07170542,0.066818446,0.06808476,Rocky Flats,39.912799,-105.188587
2210,2023-08-16 21:00:00+00:00,0.050661147,0.051,0.054798413,0.058907263,0.06779277,0.062572144,0.06666813,Rocky Flats,39.912799,-105.188587
2211,2023-08-16 22:00:00+00:00,0.052054957,0.048,0.054079726,0.05460556,0.061329376,0.05836621,0.06458243,Rocky Flats,39.912799,-105.188587
2212,2023-08-16 23:00:00+00:00,0.04795938,0.055,0.05442312,0.051960014,0.054493725,0.053801842,0.061043136,Rocky Flats,39.912799,-105.188587
2213,2023-08-17 00:00:00+00:00,0.05405774,0.051,0.048514288,0.05140374,0.049467813,0.049564153,0.057873942,Rocky Flats,39.912799,-105.188587
2214,2023-08-17 01:00:00+00:00,0.04894102,0.05,0.052681316,0.051252075,0.046748206,0.04619052,0.056097046,Rocky Flats,39.912799,-105.188587
2215,2023-08-17 02:00:00+00:00,0.049445134,0.046,0.04700708,0.045520555,0.045527518,0.04394264,0.054516938,Rocky Flats,39.912799,-105.188587
2216,2023-08-17 03:00:00+00:00,0.045873202,0.044,0.049078584,0.04611427,0.046285626,0.042607103,0.052602928,Rocky Flats,39.912799,-105.188587
2217,2023-08-17 04:00:00+00:00,0.044724032,0.045,0.04653382,0.04626797,0.047377277,0.042410817,0.050498392,Rocky Flats,39.912799,-105.188587
2218,2023-08-17 05:00:00+00:00,0.0453519,0.043,0.04601596,0.04752571,0.04651698,0.04242482,0.048030127,Rocky Flats,39.912799,-105.188587
2219,2023-08-17 06:00:00+00:00,0.043669425,0.041,0.045300476,0.04623418,0.046091598,0.04281378,0.04659967,Rocky Flats,39.912799,-105.188587
2220,2023-08-17 07:00:00+00:00,0.041749217,0.039,0.04430102,0.04560131,0.044602267,0.0444874,0.04448772,Rocky Flats,39.912799,-105.188587
2221,2023-08-17 08:00:00+00:00,0.040270995,0.038,0.04225885,0.04472096,0.04572873,0.045668736,0.04271362,Rocky Flats,39.912799,-105.188587
2222,2023-08-17 09:00:00+00:00,0.03951655,0.036,0.041536007,0.04458355,0.04588399,0.045858853,0.04187425,Rocky Flats,39.912799,-105.188587
2223,2023-08-17 10:00:00+00:00,0.036989287,0.035,0.040700834,0.0430582,0.045582525,0.0483641,0.042245537,Rocky Flats,39.912799,-105.188587
2224,2023-08-17 11:00:00+00:00,0.035574187,0.034,0.037849024,0.042420443,0.044757836,0.048451237,0.042247158,Rocky Flats,39.912799,-105.188587
2225,2023-08-17 12:00:00+00:00,0.034231137,0.031000000000000003,0.036414582,0.040889796,0.04453397,0.047769677,0.043935616,Rocky Flats,39.912799,-105.188587
2226,2023-08-17 13:00:00+00:00,0.031786755,0.03,0.03520187,0.038875222,0.043974802,0.046675786,0.043412846,Rocky Flats,39.912799,-105.188587
2227,2023-08-17 14:00:00+00:00,0.032528628,0.036,0.035569493,0.041200384,0.04483028,0.04745324,0.041565742,Rocky Flats,39.912799,-105.188587
2228,2023-08-17 15:00:00+00:00,0.03995319,0.043,0.039776478,0.046197906,0.04684648,0.051252633,0.04260361,Rocky Flats,39.912799,-105.188587
2229,2023-08-17 16:00:00+00:00,0.04792702,0.05,0.04821884,0.051196933,0.049925007,0.056197964,0.049422707,Rocky Flats,39.912799,-105.188587
2230,2023-08-17 17:00:00+00:00,0.055391885,0.055,0.055814467,0.055264056,0.05493574,0.060364522,0.055818465,Rocky Flats,39.912799,-105.188587
2231,2023-08-17 18:00:00+00:00,0.059197545,0.061,0.061926037,0.060827363,0.06007504,0.06365434,0.061965212,Rocky Flats,39.912799,-105.188587
2232,2023-08-17 19:00:00+00:00,0.06437267,0.081,0.06341562,0.06683232,0.06391622,0.06576056,0.0664634,Rocky Flats,39.912799,-105.188587
2233,2023-08-17 20:00:00+00:00,0.08639843,0.092,0.06627281,0.07138572,0.067259714,0.06640434,0.07072023,Rocky Flats,39.912799,-105.188587
2234,2023-08-17 21:00:00+00:00,0.09035395,0.1,0.08305782,0.073129766,0.070204765,0.06494572,0.07707075,Rocky Flats,39.912799,-105.188587
2235,2023-08-17 22:00:00+00:00,0.09518986,0.104,0.08118858,0.07404616,0.073350616,0.06184133,0.07954206,Rocky Flats,39.912799,-105.188587
2236,2023-08-17 23:00:00+00:00,0.09576743,0.096,0.08409949,0.07964264,0.073839664,0.057278994,0.07904796,Rocky Flats,39.912799,-105.188587
2237,2023-08-18 00:00:00+00:00,0.085952245,0.072,0.083342314,0.07430987,0.07056546,0.054623503,0.07493706,Rocky Flats,39.912799,-105.188587
2238,2023-08-18 01:00:00+00:00,0.0653654,0.056999999999999995,0.07678361,0.06946381,0.06432891,0.052702468,0.068748094,Rocky Flats,39.912799,-105.188587
2239,2023-08-18 02:00:00+00:00,0.05682351,0.066,0.062432498,0.06684618,0.061621398,0.050299946,0.062408186,Rocky Flats,39.912799,-105.188587
2240,2023-08-18 03:00:00+00:00,0.06488059,0.05800000000000001,0.055822853,0.06384654,0.059372302,0.04899876,0.058901403,Rocky Flats,39.912799,-105.188587
2241,2023-08-18 04:00:00+00:00,0.056270327,0.047,0.061999023,0.05867941,0.05866776,0.04945542,0.056720734,Rocky Flats,39.912799,-105.188587
2242,2023-08-18 05:00:00+00:00,0.047302514,0.044,0.05591235,0.054924283,0.059410412,0.050639313,0.053157993,Rocky Flats,39.912799,-105.188587
2243,2023-08-18 06:00:00+00:00,0.04550307,0.04478571428571428,0.04912135,0.056771234,0.059055198,0.052875843,0.05143448,Rocky Flats,39.912799,-105.188587
2244,2023-08-18 07:00:00+00:00,0.045618005,0.04557142857142857,0.048550647,0.054642353,0.05651715,0.05332674,0.049022008,Rocky Flats,39.912799,-105.188587
2245,2023-08-18 08:00:00+00:00,0.04615869,0.046357142857142854,0.04958685,0.048990853,0.052994724,0.05365771,0.048075445,Rocky Flats,39.912799,-105.188587
2246,2023-08-18 09:00:00+00:00,0.04654587,0.04714285714285714,0.05005534,0.04666637,0.051719233,0.053669594,0.04720946,Rocky Flats,39.912799,-105.188587
2247,2023-08-18 10:00:00+00:00,0.046826772,0.047928571428571425,0.04986613,0.046021577,0.047846965,0.053708848,0.046148166,Rocky Flats,39.912799,-105.188587
2248,2023-08-18 11:00:00+00:00,0.046510607,0.04871428571428571,0.048150234,0.045393065,0.04416292,0.051415745,0.047423802,Rocky Flats,39.912799,-105.188587
2249,2023-08-18 12:00:00+00:00,0.0465494,0.0495,0.04600578,0.043860577,0.042351674,0.04875386,0.04785416,Rocky Flats,39.912799,-105.188587
2250,2023-08-18 13:00:00+00:00,0.047567025,0.05028571428571429,0.046187088,0.04259882,0.04242188,0.04759265,0.05015105,Rocky Flats,39.912799,-105.188587
2251,2023-08-18 14:00:00+00:00,0.04976009,0.05107142857142857,0.050182894,0.045402315,0.045307644,0.04812566,0.052256122,Rocky Flats,39.912799,-105.188587
2252,2023-08-18 15:00:00+00:00,0.054110594,0.05185714285714286,0.056646377,0.051826,0.051316798,0.051193297,0.053038374,Rocky Flats,39.912799,-105.188587
2253,2023-08-18 16:00:00+00:00,0.05639248,0.052642857142857144,0.062030595,0.05920575,0.058276583,0.057203833,0.055255834,Rocky Flats,39.912799,-105.188587
2254,2023-08-18 17:00:00+00:00,0.056066357,0.05342857142857143,0.06287834,0.065965556,0.06449405,0.06328499,0.057127398,Rocky Flats,39.912799,-105.188587
2255,2023-08-18 18:00:00+00:00,0.056470007,0.054214285714285715,0.060229693,0.071188726,0.067861766,0.0675982,0.05988993,Rocky Flats,39.912799,-105.188587
2256,2023-08-18 19:00:00+00:00,0.055919733,0.055,0.059296638,0.07149742,0.0686507,0.069085814,0.06167357,Rocky Flats,39.912799,-105.188587
2257,2023-08-18 20:00:00+00:00,0.055992525,0.105,0.05753198,0.06731525,0.06738612,0.06721356,0.062070213,Rocky Flats,39.912799,-105.188587
2258,2023-08-18 21:00:00+00:00,0.10720794,0.061,0.05827366,0.06311086,0.06545811,0.0643972,0.06037495,Rocky Flats,39.912799,-105.188587
2259,2023-08-18 22:00:00+00:00,0.048942585,0.059000000000000004,0.093060404,0.059447456,0.0622028,0.06137628,0.05821415,Rocky Flats,39.912799,-105.188587
2260,2023-08-18 23:00:00+00:00,0.059421677,0.056999999999999995,0.04864838,0.05574182,0.058532998,0.05837045,0.05633601,Rocky Flats,39.912799,-105.188587
2261,2023-08-19 00:00:00+00:00,0.056689397,0.06,0.058617145,0.075933486,0.055256672,0.056959424,0.054347895,Rocky Flats,39.912799,-105.188587
2262,2023-08-19 01:00:00+00:00,0.057358578,0.05800000000000001,0.053961422,0.052739568,0.0534321,0.054077666,0.052524175,Rocky Flats,39.912799,-105.188587
2263,2023-08-19 02:00:00+00:00,0.05603842,0.054,0.055106282,0.05434338,0.05209436,0.052691262,0.04976733,Rocky Flats,39.912799,-105.188587
2264,2023-08-19 03:00:00+00:00,0.052257314,0.054,0.053713474,0.049903087,0.057996117,0.05121699,0.046740364,Rocky Flats,39.912799,-105.188587
2265,2023-08-19 04:00:00+00:00,0.053120922,0.055,0.051578373,0.05095571,0.05260566,0.04999687,0.04332019,Rocky Flats,39.912799,-105.188587
2266,2023-08-19 05:00:00+00:00,0.054361366,0.056999999999999995,0.052596506,0.051664263,0.05248049,0.04844921,0.04075332,Rocky Flats,39.912799,-105.188587
2267,2023-08-19 06:00:00+00:00,0.056384876,0.05800000000000001,0.054326285,0.04980377,0.051093433,0.04768096,0.039239477,Rocky Flats,39.912799,-105.188587
2268,2023-08-19 07:00:00+00:00,0.057242602,0.083,0.05626999,0.05010187,0.05030211,0.053101376,0.039395027,Rocky Flats,39.912799,-105.188587
2269,2023-08-19 08:00:00+00:00,0.083017185,0.056,0.05726081,0.05170294,0.050673753,0.052652292,0.040104672,Rocky Flats,39.912799,-105.188587
2270,2023-08-19 09:00:00+00:00,0.051807154,0.056999999999999995,0.07935725,0.052590027,0.049638733,0.05190173,0.039942924,Rocky Flats,39.912799,-105.188587
2271,2023-08-19 10:00:00+00:00,0.056251984,0.056999999999999995,0.049953245,0.052832667,0.04901994,0.05048531,0.040528137,Rocky Flats,39.912799,-105.188587
2272,2023-08-19 11:00:00+00:00,0.05644365,0.056999999999999995,0.056523558,0.06277222,0.048622154,0.049352292,0.04180153,Rocky Flats,39.912799,-105.188587
2273,2023-08-19 12:00:00+00:00,0.05493814,0.05800000000000001,0.0523614,0.05184927,0.047806833,0.048363283,0.04678046,Rocky Flats,39.912799,-105.188587
2274,2023-08-19 13:00:00+00:00,0.055228975,0.05800000000000001,0.05308217,0.050224964,0.047673997,0.04718333,0.044811126,Rocky Flats,39.912799,-105.188587
2275,2023-08-19 14:00:00+00:00,0.055018965,0.05,0.055198036,0.05278131,0.05160274,0.048573263,0.046044752,Rocky Flats,39.912799,-105.188587
2276,2023-08-19 15:00:00+00:00,0.050089926,0.05,0.05850445,0.05833254,0.051352333,0.05321034,0.048568957,Rocky Flats,39.912799,-105.188587
2277,2023-08-19 16:00:00+00:00,0.05445126,0.053,0.058936823,0.063927755,0.056406647,0.059087075,0.055748086,Rocky Flats,39.912799,-105.188587
2278,2023-08-19 17:00:00+00:00,0.058705565,0.056999999999999995,0.063310474,0.069148704,0.062223718,0.06513269,0.063528515,Rocky Flats,39.912799,-105.188587
2279,2023-08-19 18:00:00+00:00,0.06130943,0.062000000000000006,0.06590313,0.07293778,0.0668026,0.071356066,0.06893937,Rocky Flats,39.912799,-105.188587
2280,2023-08-19 19:00:00+00:00,0.0655626,0.067,0.0671574,0.07380233,0.06930044,0.075425744,0.072994426,Rocky Flats,39.912799,-105.188587
2281,2023-08-19 20:00:00+00:00,0.06929697,0.072,0.06953718,0.07408429,0.07076423,0.07684706,0.07781759,Rocky Flats,39.912799,-105.188587
2282,2023-08-19 21:00:00+00:00,0.07380455,0.075,0.07092663,0.07367845,0.071153216,0.07621526,0.08111524,Rocky Flats,39.912799,-105.188587
2283,2023-08-19 22:00:00+00:00,0.07371749,0.061,0.07335178,0.073347315,0.070078105,0.074033365,0.08183194,Rocky Flats,39.912799,-105.188587
2284,2023-08-19 23:00:00+00:00,0.056522723,0.064,0.0690935,0.071607925,0.06806987,0.07197011,0.083251335,Rocky Flats,39.912799,-105.188587
2285,2023-08-20 00:00:00+00:00,0.06192334,0.063,0.054209206,0.071125045,0.066480055,0.07041859,0.07675016,Rocky Flats,39.912799,-105.188587
2286,2023-08-20 01:00:00+00:00,0.060084507,0.06,0.05975786,0.062702544,0.06466462,0.066525325,0.07029025,Rocky Flats,39.912799,-105.188587
2287,2023-08-20 02:00:00+00:00,0.05760576,0.05800000000000001,0.05694503,0.052394174,0.06272845,0.06250529,0.06381122,Rocky Flats,39.912799,-105.188587
2288,2023-08-20 03:00:00+00:00,0.055696398,0.053,0.055980396,0.05438158,0.06216192,0.05962747,0.060833022,Rocky Flats,39.912799,-105.188587
2289,2023-08-20 04:00:00+00:00,0.05105232,0.052,0.054051604,0.054672528,0.057632856,0.057494797,0.059775915,Rocky Flats,39.912799,-105.188587
2290,2023-08-20 05:00:00+00:00,0.050545603,0.049,0.04971279,0.052816283,0.051930234,0.056181736,0.05954744,Rocky Flats,39.912799,-105.188587
2291,2023-08-20 06:00:00+00:00,0.047353208,0.044,0.049282797,0.049782336,0.052635774,0.054604534,0.058526948,Rocky Flats,39.912799,-105.188587
2292,2023-08-20 07:00:00+00:00,0.042554647,0.043,0.046809934,0.044336844,0.04946211,0.05170592,0.056673396,Rocky Flats,39.912799,-105.188587
2293,2023-08-20 08:00:00+00:00,0.041949064,0.048,0.042466175,0.041344453,0.04894647,0.048185527,0.053627484,Rocky Flats,39.912799,-105.188587
2294,2023-08-20 09:00:00+00:00,0.046595156,0.051,0.042154256,0.038531978,0.046716977,0.04280583,0.05044072,Rocky Flats,39.912799,-105.188587
2295,2023-08-20 10:00:00+00:00,0.048828762,0.05,0.04717532,0.035575517,0.04402178,0.042758226,0.047868803,Rocky Flats,39.912799,-105.188587
2296,2023-08-20 11:00:00+00:00,0.0468897,0.047,0.04850846,0.034660634,0.04128324,0.04390004,0.047417555,Rocky Flats,39.912799,-105.188587
2297,2023-08-20 12:00:00+00:00,0.04385883,0.045,0.04561292,0.03757455,0.037679654,0.041594435,0.046563935,Rocky Flats,39.912799,-105.188587
2298,2023-08-20 13:00:00+00:00,0.042614385,0.041,0.04266709,0.039557002,0.034231354,0.040061764,0.04354424,Rocky Flats,39.912799,-105.188587
2299,2023-08-20 14:00:00+00:00,0.040640082,0.035,0.044436347,0.042089,0.033813152,0.039184675,0.04009251,Rocky Flats,39.912799,-105.188587
2300,2023-08-20 15:00:00+00:00,0.03765551,0.04,0.04714143,0.04695065,0.041038558,0.041258484,0.044658884,Rocky Flats,39.912799,-105.188587
2301,2023-08-20 16:00:00+00:00,0.045546304,0.046,0.04903951,0.052845713,0.048566557,0.04508151,0.051515304,Rocky Flats,39.912799,-105.188587
2302,2023-08-20 17:00:00+00:00,0.052071527,0.05,0.057497226,0.058965296,0.054671653,0.05054453,0.055933945,Rocky Flats,39.912799,-105.188587
2303,2023-08-20 18:00:00+00:00,0.054219212,0.056,0.062415708,0.06428991,0.060016483,0.05818014,0.059449345,Rocky Flats,39.912799,-105.188587
2304,2023-08-20 19:00:00+00:00,0.06022817,0.068,0.061210964,0.06842161,0.065402694,0.066057585,0.061014563,Rocky Flats,39.912799,-105.188587
2305,2023-08-20 20:00:00+00:00,0.07307477,0.079,0.065049835,0.070508465,0.06922446,0.07016808,0.06040854,Rocky Flats,39.912799,-105.188587
2306,2023-08-20 21:00:00+00:00,0.080922104,0.082,0.07577512,0.06998614,0.07068483,0.071073696,0.05744528,Rocky Flats,39.912799,-105.188587
2307,2023-08-20 22:00:00+00:00,0.07961031,0.072,0.07846577,0.06893427,0.072544776,0.07119898,0.054275878,Rocky Flats,39.912799,-105.188587
2308,2023-08-20 23:00:00+00:00,0.06766214,0.079,0.07472112,0.07114443,0.07133299,0.0704907,0.048619352,Rocky Flats,39.912799,-105.188587
2309,2023-08-21 00:00:00+00:00,0.07680611,0.083,0.06305054,0.07177974,0.067721635,0.06903192,0.047100734,Rocky Flats,39.912799,-105.188587
2310,2023-08-21 01:00:00+00:00,0.078118265,0.081,0.07106571,0.06991996,0.06259603,0.062305,0.046356425,Rocky Flats,39.912799,-105.188587
2311,2023-08-21 02:00:00+00:00,0.0747449,0.078,0.06972078,0.06252103,0.06006896,0.05880791,0.04696631,Rocky Flats,39.912799,-105.188587
2312,2023-08-21 03:00:00+00:00,0.07277066,0.052,0.06906784,0.06410571,0.05890384,0.053171962,0.047639225,Rocky Flats,39.912799,-105.188587
2313,2023-08-21 04:00:00+00:00,0.049294617,0.043,0.067926995,0.06544026,0.05852827,0.04895414,0.048076168,Rocky Flats,39.912799,-105.188587
2314,2023-08-21 05:00:00+00:00,0.046014324,0.04,0.046431236,0.06505292,0.055055413,0.0439769,0.048635725,Rocky Flats,39.912799,-105.188587
2315,2023-08-21 06:00:00+00:00,0.04346141,0.04,0.04725412,0.063675985,0.056813333,0.043362435,0.047463976,Rocky Flats,39.912799,-105.188587
2316,2023-08-21 07:00:00+00:00,0.042691123,0.069,0.046417736,0.04711879,0.058642544,0.044999648,0.04620191,Rocky Flats,39.912799,-105.188587
2317,2023-08-21 08:00:00+00:00,0.06670909,0.035,0.047125433,0.04628253,0.0575276,0.048284534,0.04529612,Rocky Flats,39.912799,-105.188587
2318,2023-08-21 09:00:00+00:00,0.03746044,0.04,0.067108706,0.046036884,0.057589285,0.049600694,0.045232408,Rocky Flats,39.912799,-105.188587
2319,2023-08-21 10:00:00+00:00,0.042624332,0.04,0.04158799,0.04598976,0.051135857,0.051772393,0.04556906,Rocky Flats,39.912799,-105.188587
2320,2023-08-21 11:00:00+00:00,0.041604664,0.04,0.0455606,0.055582795,0.048782777,0.05130177,0.047230825,Rocky Flats,39.912799,-105.188587
2321,2023-08-21 12:00:00+00:00,0.039819293,0.039,0.041869406,0.04318831,0.0452811,0.048889127,0.049574453,Rocky Flats,39.912799,-105.188587
2322,2023-08-21 13:00:00+00:00,0.039578617,0.038,0.040879026,0.041275512,0.043411087,0.04652662,0.05128578,Rocky Flats,39.912799,-105.188587
2323,2023-08-21 14:00:00+00:00,0.04047688,0.034,0.043398317,0.042410497,0.0468638,0.04551562,0.051049653,Rocky Flats,39.912799,-105.188587
2324,2023-08-21 15:00:00+00:00,0.04003557,0.036,0.04804956,0.04695745,0.04488105,0.04860259,0.052457828,Rocky Flats,39.912799,-105.188587
2325,2023-08-21 16:00:00+00:00,0.042933065,0.049,0.051674597,0.052685156,0.050597478,0.053726546,0.0614609,Rocky Flats,39.912799,-105.188587
2326,2023-08-21 17:00:00+00:00,0.056416668,0.052,0.055292938,0.05774126,0.056696046,0.058787774,0.068854086,Rocky Flats,39.912799,-105.188587
2327,2023-08-21 18:00:00+00:00,0.054884233,0.055,0.06431365,0.060766205,0.060975764,0.064059876,0.07532043,Rocky Flats,39.912799,-105.188587
2328,2023-08-21 19:00:00+00:00,0.05714904,0.051,0.06047839,0.063474804,0.06280602,0.06602369,0.07399688,Rocky Flats,39.912799,-105.188587
2329,2023-08-21 20:00:00+00:00,0.050775565,0.039,0.06044314,0.066468336,0.06272791,0.06492474,0.0698092,Rocky Flats,39.912799,-105.188587
2330,2023-08-21 21:00:00+00:00,0.03842985,0.047,0.05251974,0.06529139,0.060694557,0.062209595,0.06567553,Rocky Flats,39.912799,-105.188587
2331,2023-08-21 22:00:00+00:00,0.04971489,0.056,0.042211376,0.06415163,0.05917133,0.059278376,0.06183474,Rocky Flats,39.912799,-105.188587
2332,2023-08-21 23:00:00+00:00,0.058387972,0.053,0.052318484,0.05773059,0.059030406,0.055900812,0.060622897,Rocky Flats,39.912799,-105.188587
2333,2023-08-22 00:00:00+00:00,0.052128807,0.048,0.057090294,0.04862423,0.056631684,0.052233078,0.056732107,Rocky Flats,39.912799,-105.188587
2334,2023-08-22 01:00:00+00:00,0.04671512,0.049,0.048775062,0.049828377,0.05423363,0.046863303,0.054361954,Rocky Flats,39.912799,-105.188587
2335,2023-08-22 02:00:00+00:00,0.049521934,0.044,0.045694098,0.050298356,0.051012836,0.042211592,0.052492343,Rocky Flats,39.912799,-105.188587
2336,2023-08-22 03:00:00+00:00,0.04413448,0.041,0.04845761,0.0481303,0.047485437,0.041948672,0.050904065,Rocky Flats,39.912799,-105.188587
2337,2023-08-22 04:00:00+00:00,0.04210795,0.039,0.044753697,0.04649853,0.049635004,0.0416512,0.049077254,Rocky Flats,39.912799,-105.188587
2338,2023-08-22 05:00:00+00:00,0.04071534,0.036,0.044241607,0.04692502,0.050097127,0.043078214,0.0468744,Rocky Flats,39.912799,-105.188587
2339,2023-08-22 06:00:00+00:00,0.03830295,0.035,0.0428586,0.045516267,0.04845878,0.04329272,0.043785922,Rocky Flats,39.912799,-105.188587
2340,2023-08-22 07:00:00+00:00,0.037676483,0.032,0.040786535,0.044544805,0.04754973,0.042367734,0.04122876,Rocky Flats,39.912799,-105.188587
2341,2023-08-22 08:00:00+00:00,0.034743264,0.032,0.039995167,0.043359593,0.0475342,0.0450163,0.04174196,Rocky Flats,39.912799,-105.188587
2342,2023-08-22 09:00:00+00:00,0.03463289,0.034,0.03697717,0.042290155,0.04727639,0.046512097,0.042892657,Rocky Flats,39.912799,-105.188587
2343,2023-08-22 10:00:00+00:00,0.03585401,0.035,0.036887426,0.041571308,0.046679877,0.047157116,0.04462079,Rocky Flats,39.912799,-105.188587
2344,2023-08-22 11:00:00+00:00,0.03562724,0.036,0.0373701,0.03941223,0.04588904,0.04625102,0.04501765,Rocky Flats,39.912799,-105.188587
2345,2023-08-22 12:00:00+00:00,0.03679483,0.036,0.036649667,0.03912208,0.045281798,0.045836017,0.044459283,Rocky Flats,39.912799,-105.188587
2346,2023-08-22 13:00:00+00:00,0.036861863,0.034,0.037468728,0.0402962,0.04532382,0.04689149,0.04608772,Rocky Flats,39.912799,-105.188587
2347,2023-08-22 14:00:00+00:00,0.036214154,0.034,0.0389799,0.043220744,0.04580912,0.049297113,0.04682229,Rocky Flats,39.912799,-105.188587
2348,2023-08-22 15:00:00+00:00,0.037532143,0.042,0.040784787,0.04749568,0.04762331,0.052041985,0.04745598,Rocky Flats,39.912799,-105.188587
2349,2023-08-22 16:00:00+00:00,0.047062915,0.05,0.044608846,0.05085256,0.048825808,0.054245435,0.052848447,Rocky Flats,39.912799,-105.188587
2350,2023-08-22 17:00:00+00:00,0.05410561,0.055,0.052746497,0.05276323,0.048561912,0.05642046,0.053632412,Rocky Flats,39.912799,-105.188587
2351,2023-08-22 18:00:00+00:00,0.058101524,0.063,0.05931843,0.053819325,0.048223455,0.058855556,0.052149624,Rocky Flats,39.912799,-105.188587
2352,2023-08-22 19:00:00+00:00,0.066753626,0.063,0.0612725,0.055057585,0.047490172,0.060884826,0.05272263,Rocky Flats,39.912799,-105.188587
2353,2023-08-22 20:00:00+00:00,0.06331354,0.06,0.067251004,0.054709926,0.04680516,0.061475687,0.052475054,Rocky Flats,39.912799,-105.188587
2354,2023-08-22 21:00:00+00:00,0.05957625,0.061,0.061509747,0.054831706,0.04668318,0.06128435,0.05056596,Rocky Flats,39.912799,-105.188587
2355,2023-08-22 22:00:00+00:00,0.05990561,0.066,0.057585366,0.059348322,0.046737768,0.05875709,0.048016544,Rocky Flats,39.912799,-105.188587
2356,2023-08-22 23:00:00+00:00,0.06326295,0.066,0.056715112,0.060912617,0.04726648,0.05428456,0.04565295,Rocky Flats,39.912799,-105.188587
2357,2023-08-23 00:00:00+00:00,0.062538296,0.063,0.057649538,0.056539565,0.047729503,0.051703054,0.042239018,Rocky Flats,39.912799,-105.188587
2358,2023-08-23 01:00:00+00:00,0.059121754,0.063,0.05624669,0.052360464,0.04912551,0.049288187,0.041096155,Rocky Flats,39.912799,-105.188587
2359,2023-08-23 02:00:00+00:00,0.060217507,0.062000000000000006,0.054268263,0.052210562,0.049482234,0.048200484,0.041762676,Rocky Flats,39.912799,-105.188587
2360,2023-08-23 03:00:00+00:00,0.058970876,0.062000000000000006,0.05633087,0.05162767,0.047761053,0.0481741,0.042062137,Rocky Flats,39.912799,-105.188587
2361,2023-08-23 04:00:00+00:00,0.059579164,0.05800000000000001,0.05572795,0.05330056,0.045686144,0.049385097,0.04224682,Rocky Flats,39.912799,-105.188587
2362,2023-08-23 05:00:00+00:00,0.056021716,0.05800000000000001,0.05699327,0.052490875,0.045588873,0.051680475,0.042359047,Rocky Flats,39.912799,-105.188587
2363,2023-08-23 06:00:00+00:00,0.056830067,0.059000000000000004,0.054399792,0.051373526,0.04560845,0.051803134,0.04169308,Rocky Flats,39.912799,-105.188587
2364,2023-08-23 07:00:00+00:00,0.0579556,0.055,0.055840705,0.052093837,0.04608068,0.0501538,0.040011957,Rocky Flats,39.912799,-105.188587
2365,2023-08-23 08:00:00+00:00,0.054008886,0.056,0.057025667,0.051183756,0.047921307,0.04826789,0.039248805,Rocky Flats,39.912799,-105.188587
2366,2023-08-23 09:00:00+00:00,0.05479878,0.055,0.05261325,0.051569313,0.049021006,0.048488114,0.038469255,Rocky Flats,39.912799,-105.188587
2367,2023-08-23 10:00:00+00:00,0.053619806,0.055,0.05451257,0.05251617,0.049734835,0.048170336,0.0383237,Rocky Flats,39.912799,-105.188587
2368,2023-08-23 11:00:00+00:00,0.053134527,0.056,0.05295143,0.050136417,0.049083047,0.047691748,0.038538516,Rocky Flats,39.912799,-105.188587
2369,2023-08-23 12:00:00+00:00,0.053801868,0.052,0.05213437,0.05043163,0.048163116,0.04716656,0.0383791,Rocky Flats,39.912799,-105.188587
2370,2023-08-23 13:00:00+00:00,0.049483698,0.047,0.05233387,0.049307093,0.04794782,0.046138164,0.036641154,Rocky Flats,39.912799,-105.188587
2371,2023-08-23 14:00:00+00:00,0.046225235,0.048,0.05011536,0.0494308,0.047867067,0.047030613,0.03697073,Rocky Flats,39.912799,-105.188587
2372,2023-08-23 15:00:00+00:00,0.049690355,0.05,0.050971836,0.053239435,0.050369218,0.050071165,0.040820293,Rocky Flats,39.912799,-105.188587
2373,2023-08-23 16:00:00+00:00,0.053950187,0.055,0.056895096,0.057977237,0.05510018,0.055181686,0.049763717,Rocky Flats,39.912799,-105.188587
2374,2023-08-23 17:00:00+00:00,0.059356213,0.059000000000000004,0.062145475,0.06421333,0.061705608,0.061951146,0.055379722,Rocky Flats,39.912799,-105.188587
2375,2023-08-23 18:00:00+00:00,0.06221733,0.068,0.065618284,0.068870604,0.06723546,0.06856694,0.060137104,Rocky Flats,39.912799,-105.188587
2376,2023-08-23 19:00:00+00:00,0.07173101,0.084,0.06595418,0.07033973,0.06928504,0.07471906,0.064556584,Rocky Flats,39.912799,-105.188587
2377,2023-08-23 20:00:00+00:00,0.086716324,0.081,0.072715364,0.07065778,0.06888836,0.07889301,0.06797773,Rocky Flats,39.912799,-105.188587
2378,2023-08-23 21:00:00+00:00,0.07706195,0.074,0.08222422,0.06935605,0.06779122,0.08128118,0.071433924,Rocky Flats,39.912799,-105.188587
2379,2023-08-23 22:00:00+00:00,0.06874788,0.07,0.07217478,0.07315334,0.064410314,0.07981882,0.074850515,Rocky Flats,39.912799,-105.188587
2380,2023-08-23 23:00:00+00:00,0.065786324,0.065,0.06298597,0.076745234,0.062559634,0.07675595,0.07435031,Rocky Flats,39.912799,-105.188587
2381,2023-08-24 00:00:00+00:00,0.061693057,0.063,0.061840396,0.06868798,0.06017091,0.07134219,0.070361264,Rocky Flats,39.912799,-105.188587
2382,2023-08-24 01:00:00+00:00,0.06004161,0.05800000000000001,0.059084453,0.060405783,0.060847737,0.06614745,0.06552585,Rocky Flats,39.912799,-105.188587
2383,2023-08-24 02:00:00+00:00,0.05620925,0.064,0.057725996,0.05846555,0.06158736,0.06014864,0.06188716,Rocky Flats,39.912799,-105.188587
2384,2023-08-24 03:00:00+00:00,0.062283617,0.06,0.054767516,0.055748396,0.05981423,0.057774983,0.06056435,Rocky Flats,39.912799,-105.188587
2385,2023-08-24 04:00:00+00:00,0.057167165,0.059000000000000004,0.059357036,0.05581834,0.055077057,0.05611408,0.057776365,Rocky Flats,39.912799,-105.188587
2386,2023-08-24 05:00:00+00:00,0.057074264,0.059000000000000004,0.05511854,0.05261361,0.053887974,0.055814624,0.055703033,Rocky Flats,39.912799,-105.188587
2387,2023-08-24 06:00:00+00:00,0.05729453,0.056999999999999995,0.05557874,0.05388585,0.05186054,0.05646179,0.054299414,Rocky Flats,39.912799,-105.188587
2388,2023-08-24 07:00:00+00:00,0.055406768,0.055,0.05580881,0.051044807,0.050229628,0.055223707,0.05238259,Rocky Flats,39.912799,-105.188587
2389,2023-08-24 08:00:00+00:00,0.053582385,0.056,0.05480161,0.050426286,0.04846126,0.0499999,0.04981214,Rocky Flats,39.912799,-105.188587
2390,2023-08-24 09:00:00+00:00,0.0546307,0.052,0.053752843,0.050250456,0.048747506,0.048862737,0.046628505,Rocky Flats,39.912799,-105.188587
2391,2023-08-24 10:00:00+00:00,0.050513595,0.052,0.055342358,0.049800284,0.047440447,0.048725713,0.046042886,Rocky Flats,39.912799,-105.188587
2392,2023-08-24 11:00:00+00:00,0.04988519,0.052,0.0505723,0.048069637,0.046553437,0.04732595,0.046226274,Rocky Flats,39.912799,-105.188587
2393,2023-08-24 12:00:00+00:00,0.04976996,0.049,0.049403213,0.04691383,0.044818226,0.045581903,0.044903055,Rocky Flats,39.912799,-105.188587
2394,2023-08-24 13:00:00+00:00,0.0466074,0.049,0.048094224,0.042659286,0.04245091,0.04434673,0.041540373,Rocky Flats,39.912799,-105.188587
2395,2023-08-24 14:00:00+00:00,0.047844414,0.051,0.047348287,0.041055154,0.040939867,0.04395315,0.04293074,Rocky Flats,39.912799,-105.188587
2396,2023-08-24 15:00:00+00:00,0.052448917,0.059000000000000004,0.052154664,0.044544652,0.042447995,0.046009555,0.045653578,Rocky Flats,39.912799,-105.188587
2397,2023-08-24 16:00:00+00:00,0.063130975,0.065,0.059047222,0.04980229,0.046705756,0.05029685,0.050981216,Rocky Flats,39.912799,-105.188587
2398,2023-08-24 17:00:00+00:00,0.06921145,0.071,0.0686735,0.057332102,0.053264827,0.055379868,0.05583124,Rocky Flats,39.912799,-105.188587
2399,2023-08-24 18:00:00+00:00,0.0745481,0.07,0.07294616,0.06494081,0.06048618,0.05928047,0.05874084,Rocky Flats,39.912799,-105.188587
2400,2023-08-24 19:00:00+00:00,0.07025286,0.073,0.075289465,0.07150067,0.06580859,0.062315274,0.059278514,Rocky Flats,39.912799,-105.188587
2401,2023-08-24 20:00:00+00:00,0.0746321,0.073,0.070266895,0.07523804,0.068188645,0.06310253,0.058088355,Rocky Flats,39.912799,-105.188587
2402,2023-08-24 21:00:00+00:00,0.07292588,0.073,0.074403696,0.07832616,0.06849756,0.061751455,0.05559758,Rocky Flats,39.912799,-105.188587
2403,2023-08-24 22:00:00+00:00,0.07227283,0.075,0.07256342,0.07461465,0.06876991,0.06003068,0.052717634,Rocky Flats,39.912799,-105.188587
2404,2023-08-24 23:00:00+00:00,0.07366829,0.073,0.07120573,0.07308975,0.06652569,0.057783354,0.049765065,Rocky Flats,39.912799,-105.188587
2405,2023-08-25 00:00:00+00:00,0.068894506,0.066,0.07056674,0.06876736,0.065008774,0.054949075,0.047707528,Rocky Flats,39.912799,-105.188587
2406,2023-08-25 01:00:00+00:00,0.061505884,0.06,0.063957766,0.06570923,0.06094878,0.051738627,0.04579673,Rocky Flats,39.912799,-105.188587
2407,2023-08-25 02:00:00+00:00,0.05798066,0.067,0.058653742,0.0636884,0.059864562,0.051281855,0.043745875,Rocky Flats,39.912799,-105.188587
2408,2023-08-25 03:00:00+00:00,0.06548748,0.068,0.056771148,0.05988603,0.05816704,0.05082439,0.042491406,Rocky Flats,39.912799,-105.188587
2409,2023-08-25 04:00:00+00:00,0.065548435,0.063,0.06235113,0.056934938,0.056888126,0.050827537,0.040876206,Rocky Flats,39.912799,-105.188587
2410,2023-08-25 05:00:00+00:00,0.060089502,0.05800000000000001,0.06197954,0.05250677,0.05553388,0.049859874,0.039689742,Rocky Flats,39.912799,-105.188587
2411,2023-08-25 06:00:00+00:00,0.055781886,0.054,0.058439523,0.054415174,0.053200033,0.048920173,0.039648745,Rocky Flats,39.912799,-105.188587
2412,2023-08-25 07:00:00+00:00,0.052756038,0.054,0.054541945,0.053905554,0.049998436,0.046991825,0.041337725,Rocky Flats,39.912799,-105.188587
2413,2023-08-25 08:00:00+00:00,0.05278811,0.05383157894736842,0.05214699,0.050884545,0.048428748,0.045852453,0.044040736,Rocky Flats,39.912799,-105.188587
2414,2023-08-25 09:00:00+00:00,0.05210524,0.05366315789473684,0.052778766,0.046995975,0.048418168,0.04533563,0.046382215,Rocky Flats,39.912799,-105.188587
2415,2023-08-25 10:00:00+00:00,0.051671196,0.05349473684210526,0.05212441,0.045848317,0.046607044,0.044803716,0.047780067,Rocky Flats,39.912799,-105.188587
2416,2023-08-25 11:00:00+00:00,0.05036799,0.05332631578947369,0.052446254,0.045227006,0.043983616,0.044467367,0.048454452,Rocky Flats,39.912799,-105.188587
2417,2023-08-25 12:00:00+00:00,0.04958499,0.053157894736842105,0.050139472,0.044018235,0.040924966,0.04125975,0.049287945,Rocky Flats,39.912799,-105.188587
2418,2023-08-25 13:00:00+00:00,0.050178025,0.052989473684210524,0.04873848,0.043918114,0.039588008,0.04193867,0.049391825,Rocky Flats,39.912799,-105.188587
2419,2023-08-25 14:00:00+00:00,0.05158338,0.05282105263157895,0.050568618,0.043475818,0.039187886,0.04463305,0.04982013,Rocky Flats,39.912799,-105.188587
2420,2023-08-25 15:00:00+00:00,0.052527633,0.05265263157894737,0.054209825,0.04739708,0.041877523,0.04839743,0.05060621,Rocky Flats,39.912799,-105.188587
2421,2023-08-25 16:00:00+00:00,0.054392762,0.052484210526315786,0.057181463,0.05349894,0.049010415,0.051785905,0.05421318,Rocky Flats,39.912799,-105.188587
2422,2023-08-25 17:00:00+00:00,0.05388041,0.05231578947368421,0.05868479,0.060897883,0.05665943,0.05625251,0.056662112,Rocky Flats,39.912799,-105.188587
2423,2023-08-25 18:00:00+00:00,0.05324308,0.05214736842105263,0.05611835,0.06508732,0.06373607,0.0606238,0.058218956,Rocky Flats,39.912799,-105.188587
2424,2023-08-25 19:00:00+00:00,0.0527267,0.051978947368421055,0.05533266,0.068147056,0.06898675,0.0639012,0.058414515,Rocky Flats,39.912799,-105.188587
2425,2023-08-25 20:00:00+00:00,0.051441293,0.051810526315789474,0.05340949,0.06187007,0.071471706,0.066286996,0.05815861,Rocky Flats,39.912799,-105.188587
2426,2023-08-25 21:00:00+00:00,0.050524488,0.05164210526315789,0.051645387,0.055508472,0.06953511,0.06646237,0.05873537,Rocky Flats,39.912799,-105.188587
2427,2023-08-25 22:00:00+00:00,0.04979955,0.05147368421052632,0.049880072,0.048729565,0.068929434,0.0644166,0.058337793,Rocky Flats,39.912799,-105.188587
2428,2023-08-25 23:00:00+00:00,0.049633414,0.051305263157894736,0.048585977,0.045706052,0.06105702,0.06423979,0.057847213,Rocky Flats,39.912799,-105.188587
2429,2023-08-26 00:00:00+00:00,0.04911575,0.051136842105263154,0.049043234,0.044289086,0.05510108,0.062214702,0.056941524,Rocky Flats,39.912799,-105.188587
2430,2023-08-26 01:00:00+00:00,0.0485167,0.05096842105263158,0.047882084,0.043448642,0.050526153,0.05904258,0.054276172,Rocky Flats,39.912799,-105.188587
2431,2023-08-26 02:00:00+00:00,0.049551345,0.0508,0.046793625,0.04215438,0.04865961,0.053189278,0.051207878,Rocky Flats,39.912799,-105.188587
2432,2023-08-26 03:00:00+00:00,0.049068864,0.05063157894736842,0.048876796,0.0402648,0.04737428,0.047007408,0.048500042,Rocky Flats,39.912799,-105.188587
2433,2023-08-26 04:00:00+00:00,0.048741464,0.05046315789473684,0.047938857,0.03818486,0.046005797,0.04236121,0.046496943,Rocky Flats,39.912799,-105.188587
2434,2023-08-26 05:00:00+00:00,0.048231363,0.05029473684210526,0.047765166,0.03806821,0.04491264,0.03745676,0.045462687,Rocky Flats,39.912799,-105.188587
2435,2023-08-26 06:00:00+00:00,0.048008863,0.050126315789473685,0.04639413,0.038506355,0.043963928,0.036131054,0.04332248,Rocky Flats,39.912799,-105.188587
2436,2023-08-26 07:00:00+00:00,0.047903515,0.049957894736842104,0.045242213,0.03820917,0.043772407,0.03379378,0.04165644,Rocky Flats,39.912799,-105.188587
2437,2023-08-30 06:00:00+00:00,0.045789495,0.045,0.04487624,0.03738557,0.042258274,0.03243372,0.03861192,Rocky Flats,39.912799,-105.188587
2438,2023-08-30 07:00:00+00:00,0.044677153,0.045,0.046490986,0.036388062,0.04089174,0.033797342,0.036587432,Rocky Flats,39.912799,-105.188587
2439,2023-08-30 08:00:00+00:00,0.044421557,0.044,0.045589406,0.035499748,0.04065783,0.03408452,0.033424202,Rocky Flats,39.912799,-105.188587
2440,2023-08-30 09:00:00+00:00,0.043105636,0.047,0.044521973,0.0430246,0.041655615,0.033489846,0.032123674,Rocky Flats,39.912799,-105.188587
2441,2023-08-30 10:00:00+00:00,0.045601033,0.049,0.043364376,0.041925833,0.04189161,0.03187455,0.03228572,Rocky Flats,39.912799,-105.188587
2442,2023-08-30 11:00:00+00:00,0.046847034,0.045,0.045808587,0.040251795,0.040780913,0.030746719,0.032829124,Rocky Flats,39.912799,-105.188587
2443,2023-08-30 12:00:00+00:00,0.042132102,0.046,0.046203397,0.038420245,0.039769415,0.030027103,0.032478344,Rocky Flats,39.912799,-105.188587
2444,2023-08-30 13:00:00+00:00,0.04421205,0.045,0.041566122,0.039114323,0.03802947,0.030065315,0.029892243,Rocky Flats,39.912799,-105.188587
2445,2023-08-30 14:00:00+00:00,0.044921912,0.039,0.046637014,0.04198963,0.038068496,0.03064121,0.0312842,Rocky Flats,39.912799,-105.188587
2446,2023-08-30 15:00:00+00:00,0.041763175,0.039,0.04984042,0.045348097,0.041823667,0.031760868,0.03539069,Rocky Flats,39.912799,-105.188587
2447,2023-08-30 16:00:00+00:00,0.04457962,0.042,0.050854724,0.0519046,0.049302917,0.053667225,0.039110623,Rocky Flats,39.912799,-105.188587
2448,2023-08-30 17:00:00+00:00,0.047672518,0.053,0.05399041,0.05710555,0.055631217,0.059056986,0.042426992,Rocky Flats,39.912799,-105.188587
2449,2023-08-30 18:00:00+00:00,0.058762923,0.06,0.054480616,0.059654377,0.05930004,0.0632966,0.045419164,Rocky Flats,39.912799,-105.188587
2450,2023-08-30 19:00:00+00:00,0.06319361,0.062000000000000006,0.064678736,0.060317118,0.06333062,0.065816864,0.047447424,Rocky Flats,39.912799,-105.188587
2451,2023-08-30 20:00:00+00:00,0.063131176,0.065,0.06598369,0.060148295,0.06503217,0.067182146,0.046727497,Rocky Flats,39.912799,-105.188587
2452,2023-08-30 21:00:00+00:00,0.0660296,0.068,0.06471062,0.063274905,0.06506838,0.06785515,0.07507334,Rocky Flats,39.912799,-105.188587
2453,2023-08-30 22:00:00+00:00,0.067872174,0.07,0.06643072,0.06803216,0.06424839,0.067857206,0.07522077,Rocky Flats,39.912799,-105.188587
2454,2023-08-30 23:00:00+00:00,0.068588294,0.066,0.06669881,0.06858173,0.0625523,0.068871565,0.07420231,Rocky Flats,39.912799,-105.188587
2455,2023-08-31 00:00:00+00:00,0.063066706,0.059000000000000004,0.064712726,0.06531224,0.061843354,0.06638657,0.07054098,Rocky Flats,39.912799,-105.188587
2456,2023-08-31 01:00:00+00:00,0.05654822,0.054,0.058261514,0.06190644,0.058456488,0.05984029,0.06668621,Rocky Flats,39.912799,-105.188587
2457,2023-08-31 02:00:00+00:00,0.053037386,0.06,0.053674586,0.058047652,0.054786634,0.0531516,0.063315414,Rocky Flats,39.912799,-105.188587
2458,2023-08-31 03:00:00+00:00,0.059072323,0.053,0.051883694,0.05507267,0.052436937,0.049731765,0.059666093,Rocky Flats,39.912799,-105.188587
2459,2023-08-31 04:00:00+00:00,0.05167166,0.049,0.057738353,0.05178609,0.052097116,0.05013214,0.057980753,Rocky Flats,39.912799,-105.188587
2460,2023-08-31 05:00:00+00:00,0.049008664,0.043,0.051372297,0.049978837,0.051176157,0.04969388,0.055920735,Rocky Flats,39.912799,-105.188587
2461,2023-08-31 06:00:00+00:00,0.043961756,0.042,0.04993598,0.05256843,0.0499775,0.04905372,0.053233113,Rocky Flats,39.912799,-105.188587
2462,2023-08-31 07:00:00+00:00,0.043574702,0.044,0.04541996,0.049352314,0.048304323,0.048598304,0.050337177,Rocky Flats,39.912799,-105.188587
2463,2023-08-31 08:00:00+00:00,0.0447564,0.046,0.045837637,0.047962014,0.048451938,0.049095992,0.048179783,Rocky Flats,39.912799,-105.188587
2464,2023-08-31 09:00:00+00:00,0.046382196,0.041,0.046375517,0.04512501,0.049669955,0.04961683,0.04844779,Rocky Flats,39.912799,-105.188587
2465,2023-08-31 10:00:00+00:00,0.041434858,0.043,0.04749584,0.045095578,0.048564006,0.04993106,0.048376974,Rocky Flats,39.912799,-105.188587
2466,2023-08-31 11:00:00+00:00,0.042611323,0.044,0.042590223,0.04510214,0.04770805,0.049309306,0.04825031,Rocky Flats,39.912799,-105.188587
2467,2023-08-31 12:00:00+00:00,0.043322757,0.042,0.043055806,0.045237653,0.045576338,0.047538646,0.047809813,Rocky Flats,39.912799,-105.188587
2468,2023-08-31 13:00:00+00:00,0.041827425,0.042,0.04327178,0.041951895,0.044885617,0.047251213,0.047997355,Rocky Flats,39.912799,-105.188587
2469,2023-08-31 14:00:00+00:00,0.042775016,0.045,0.044123802,0.043851614,0.045348704,0.048836824,0.048217647,Rocky Flats,39.912799,-105.188587
2470,2023-08-31 15:00:00+00:00,0.047907054,0.048,0.04767638,0.048299506,0.04800085,0.05318483,0.04961895,Rocky Flats,39.912799,-105.188587
2471,2023-08-31 16:00:00+00:00,0.051937617,0.048,0.05354076,0.05305199,0.05174883,0.056742895,0.055041216,Rocky Flats,39.912799,-105.188587
2472,2023-08-31 17:00:00+00:00,0.051342398,0.051,0.057285126,0.057749115,0.057662778,0.058502723,0.059589498,Rocky Flats,39.912799,-105.188587
2473,2023-08-31 18:00:00+00:00,0.054023243,0.054,0.055369813,0.062281728,0.06301767,0.06101614,0.063162595,Rocky Flats,39.912799,-105.188587
2474,2023-08-31 19:00:00+00:00,0.056200188,0.059000000000000004,0.05631657,0.06403196,0.06544176,0.064311564,0.06547352,Rocky Flats,39.912799,-105.188587
2475,2023-08-31 20:00:00+00:00,0.06088894,0.065,0.058646217,0.06307006,0.065610394,0.066638626,0.06643764,Rocky Flats,39.912799,-105.188587
2476,2023-08-31 21:00:00+00:00,0.06685439,0.066,0.062637456,0.06174554,0.06377622,0.06906952,0.0671235,Rocky Flats,39.912799,-105.188587
2477,2023-08-31 22:00:00+00:00,0.06598433,0.063,0.06689615,0.06118031,0.061672296,0.0703337,0.068156995,Rocky Flats,39.912799,-105.188587
2478,2023-08-31 23:00:00+00:00,0.06168612,0.059000000000000004,0.064486854,0.06008737,0.058707114,0.06818573,0.06923622,Rocky Flats,39.912799,-105.188587
2479,2023-09-01 00:00:00+00:00,0.0562736,0.056624999999999995,0.058318947,0.06087315,0.056099083,0.06493825,0.06788065,Rocky Flats,39.912799,-105.188587
2480,2023-09-01 01:00:00+00:00,0.054435566,0.05425,0.05238622,0.058165245,0.053943112,0.060534813,0.06322376,Rocky Flats,39.912799,-105.188587
2481,2023-09-01 02:00:00+00:00,0.05340479,0.051875,0.052179385,0.05369936,0.052260637,0.056989796,0.05903186,Rocky Flats,39.912799,-105.188587
2482,2023-09-01 03:00:00+00:00,0.051060192,0.0495,0.052017037,0.049507227,0.051911667,0.0551091,0.057066195,Rocky Flats,39.912799,-105.188587
2483,2023-09-01 04:00:00+00:00,0.049113676,0.047125,0.050871808,0.05083927,0.051553812,0.0536815,0.055042636,Rocky Flats,39.912799,-105.188587
2484,2023-09-01 05:00:00+00:00,0.04724277,0.04475,0.04941793,0.050297573,0.049867153,0.051623393,0.05366053,Rocky Flats,39.912799,-105.188587
2485,2023-09-01 06:00:00+00:00,0.045403816,0.042374999999999996,0.047887333,0.049249884,0.04760027,0.050060343,0.05302743,Rocky Flats,39.912799,-105.188587
2486,2023-09-01 07:00:00+00:00,0.043587513,0.04,0.046430856,0.04788475,0.047471397,0.049101893,0.05169853,Rocky Flats,39.912799,-105.188587
2487,2023-09-01 08:00:00+00:00,0.04171852,0.046,0.04498437,0.04659006,0.04832052,0.04836655,0.05008603,Rocky Flats,39.912799,-105.188587
2488,2023-09-01 09:00:00+00:00,0.04654553,0.044,0.04342199,0.04550368,0.04863596,0.048015825,0.04848167,Rocky Flats,39.912799,-105.188587
2489,2023-09-01 10:00:00+00:00,0.04483886,0.044,0.048017476,0.04446103,0.048487946,0.046940576,0.047513887,Rocky Flats,39.912799,-105.188587
2490,2023-09-01 11:00:00+00:00,0.04411641,0.045,0.046039082,0.043124765,0.047928452,0.047194492,0.046468988,Rocky Flats,39.912799,-105.188587
2491,2023-09-01 12:00:00+00:00,0.045057707,0.043,0.044210933,0.04507372,0.04717527,0.047216218,0.046299934,Rocky Flats,39.912799,-105.188587
2492,2023-09-01 13:00:00+00:00,0.042654224,0.041,0.044502676,0.044196535,0.0465217,0.047331143,0.046196193,Rocky Flats,39.912799,-105.188587
2493,2023-09-01 14:00:00+00:00,0.041708767,0.039,0.042916406,0.043775164,0.046509307,0.04875377,0.046337582,Rocky Flats,39.912799,-105.188587
2494,2023-09-01 15:00:00+00:00,0.042209193,0.041,0.045258615,0.047323942,0.048684888,0.051833566,0.045690358,Rocky Flats,39.912799,-105.188587
2495,2023-09-01 16:00:00+00:00,0.04581607,0.046,0.04944021,0.051686667,0.05195306,0.05607551,0.052023772,Rocky Flats,39.912799,-105.188587
2496,2023-09-01 17:00:00+00:00,0.05087207,0.05,0.05410452,0.057091914,0.05614804,0.06055805,0.057679947,Rocky Flats,39.912799,-105.188587
2497,2023-09-01 18:00:00+00:00,0.053228535,0.054,0.057606876,0.061483752,0.060494523,0.06489319,0.0630186,Rocky Flats,39.912799,-105.188587
2498,2023-09-01 19:00:00+00:00,0.056481615,0.063,0.057729974,0.06357665,0.062162366,0.06989305,0.06692169,Rocky Flats,39.912799,-105.188587
2499,2023-09-01 20:00:00+00:00,0.06660691,0.067,0.059201796,0.06429122,0.061207145,0.073688075,0.068950556,Rocky Flats,39.912799,-105.188587
2500,2023-09-01 21:00:00+00:00,0.06779728,0.059000000000000004,0.067889914,0.06210488,0.058153234,0.076400965,0.069579795,Rocky Flats,39.912799,-105.188587
2501,2023-09-01 22:00:00+00:00,0.056619816,0.056999999999999995,0.06530076,0.061572198,0.055706326,0.077524126,0.06831557,Rocky Flats,39.912799,-105.188587
2502,2023-09-01 23:00:00+00:00,0.05496557,0.067,0.053604383,0.065555565,0.05513995,0.07484237,0.06457479,Rocky Flats,39.912799,-105.188587
2503,2023-09-02 00:00:00+00:00,0.06403093,0.061,0.053041305,0.061882127,0.054681085,0.06961957,0.06200428,Rocky Flats,39.912799,-105.188587
2504,2023-09-02 01:00:00+00:00,0.056675203,0.059000000000000004,0.05776686,0.050660115,0.054276075,0.06070921,0.058339242,Rocky Flats,39.912799,-105.188587
2505,2023-09-02 02:00:00+00:00,0.05653217,0.06,0.051616505,0.04851329,0.053148754,0.055887617,0.056448363,Rocky Flats,39.912799,-105.188587
2506,2023-09-02 03:00:00+00:00,0.05769803,0.056999999999999995,0.05452993,0.051339805,0.050955225,0.05389974,0.054708544,Rocky Flats,39.912799,-105.188587
2507,2023-09-02 04:00:00+00:00,0.05484003,0.054,0.055270415,0.05113814,0.046174906,0.05295453,0.053052127,Rocky Flats,39.912799,-105.188587
2508,2023-09-02 05:00:00+00:00,0.052713133,0.049,0.053816732,0.050668266,0.044588476,0.050990973,0.0514258,Rocky Flats,39.912799,-105.188587
2509,2023-09-02 06:00:00+00:00,0.04863562,0.049,0.0524617,0.051112194,0.044509456,0.05150887,0.05025104,Rocky Flats,39.912799,-105.188587
2510,2023-09-02 07:00:00+00:00,0.049042415,0.049,0.048488654,0.050042327,0.045375027,0.05081665,0.048596065,Rocky Flats,39.912799,-105.188587
2511,2023-09-02 08:00:00+00:00,0.048614103,0.048,0.049356237,0.0487714,0.04652797,0.04752299,0.047961377,Rocky Flats,39.912799,-105.188587
2512,2023-09-02 09:00:00+00:00,0.047867674,0.046,0.048414633,0.04624438,0.048555303,0.04550434,0.046622053,Rocky Flats,39.912799,-105.188587
2513,2023-09-02 10:00:00+00:00,0.046073325,0.045,0.048325427,0.04608664,0.04878391,0.045810513,0.045903303,Rocky Flats,39.912799,-105.188587
2514,2023-09-02 11:00:00+00:00,0.04459929,0.048,0.046344712,0.04482271,0.04792817,0.043361664,0.04591417,Rocky Flats,39.912799,-105.188587
2515,2023-09-02 12:00:00+00:00,0.047257323,0.049,0.044376478,0.04462004,0.04602589,0.04211745,0.04534146,Rocky Flats,39.912799,-105.188587
2516,2023-09-02 13:00:00+00:00,0.047762893,0.046,0.046438843,0.042654365,0.04489278,0.041298665,0.04108137,Rocky Flats,39.912799,-105.188587
2517,2023-09-02 14:00:00+00:00,0.045353644,0.046,0.047372796,0.04134631,0.044027146,0.04161572,0.03843522,Rocky Flats,39.912799,-105.188587
2518,2023-09-02 15:00:00+00:00,0.04750388,0.046,0.047703475,0.04475295,0.045166243,0.042862754,0.04027084,Rocky Flats,39.912799,-105.188587
2519,2023-09-02 16:00:00+00:00,0.049437083,0.051,0.052814882,0.049793415,0.047818776,0.044684682,0.04300782,Rocky Flats,39.912799,-105.188587
2520,2023-09-02 17:00:00+00:00,0.055612233,0.054,0.056650456,0.05460477,0.052028175,0.04831363,0.04423006,Rocky Flats,39.912799,-105.188587
2521,2023-09-02 18:00:00+00:00,0.057151556,0.05390410958904109,0.061768644,0.06051341,0.05868311,0.052368864,0.046678048,Rocky Flats,39.912799,-105.188587
2522,2023-09-02 19:00:00+00:00,0.05529921,0.05380821917808219,0.061321914,0.06411945,0.06373146,0.05741555,0.04949546,Rocky Flats,39.912799,-105.188587
2523,2023-09-02 20:00:00+00:00,0.055212345,0.053712328767123285,0.058299247,0.06721015,0.065393865,0.062244706,0.05162151,Rocky Flats,39.912799,-105.188587
2524,2023-09-02 21:00:00+00:00,0.05444186,0.053616438356164385,0.05781776,0.06757438,0.06591977,0.067119226,0.053299144,Rocky Flats,39.912799,-105.188587
2525,2023-09-02 22:00:00+00:00,0.05409214,0.05352054794520548,0.055984147,0.064740986,0.0650063,0.07158265,0.056071334,Rocky Flats,39.912799,-105.188587
2526,2023-09-02 23:00:00+00:00,0.0535045,0.05342465753424658,0.0548715,0.060887177,0.063844666,0.07306867,0.0562445,Rocky Flats,39.912799,-105.188587
2527,2023-09-03 00:00:00+00:00,0.05276319,0.05332876712328767,0.05277786,0.056241408,0.061544295,0.07111437,0.056881484,Rocky Flats,39.912799,-105.188587
2528,2023-09-03 01:00:00+00:00,0.051660355,0.053232876712328764,0.050608452,0.052594725,0.05793962,0.06668272,0.05387393,Rocky Flats,39.912799,-105.188587
2529,2023-09-03 02:00:00+00:00,0.052180007,0.053136986301369864,0.050092354,0.048913628,0.053908918,0.06018755,0.051431496,Rocky Flats,39.912799,-105.188587
2530,2023-09-03 03:00:00+00:00,0.051708113,0.05304109589041096,0.05032468,0.046468657,0.050997492,0.05568104,0.051284768,Rocky Flats,39.912799,-105.188587
2531,2023-09-03 04:00:00+00:00,0.052012783,0.05294520547945206,0.050190564,0.047551036,0.04955101,0.053041175,0.05017573,Rocky Flats,39.912799,-105.188587
2532,2023-09-03 05:00:00+00:00,0.052455265,0.05284931506849315,0.05085817,0.046568505,0.048459716,0.05110152,0.049143698,Rocky Flats,39.912799,-105.188587
2533,2023-09-03 06:00:00+00:00,0.051742703,0.05275342465753424,0.051934462,0.0465847,0.047343884,0.048945136,0.04651667,Rocky Flats,39.912799,-105.188587
2534,2023-09-03 07:00:00+00:00,0.051873766,0.05265753424657534,0.050264787,0.04681204,0.046938058,0.04692892,0.04462433,Rocky Flats,39.912799,-105.188587
2535,2023-09-03 08:00:00+00:00,0.052069332,0.052561643835616435,0.05060598,0.047295626,0.047089145,0.04478881,0.04247672,Rocky Flats,39.912799,-105.188587
2536,2023-09-03 09:00:00+00:00,0.051792473,0.052465753424657535,0.051438566,0.045600343,0.046941463,0.04356827,0.041769996,Rocky Flats,39.912799,-105.188587
2537,2023-09-03 10:00:00+00:00,0.051165927,0.05236986301369863,0.051341265,0.046534758,0.046447344,0.043119777,0.04183937,Rocky Flats,39.912799,-105.188587
2538,2023-09-03 11:00:00+00:00,0.0504988,0.05227397260273973,0.05051018,0.04734374,0.04587115,0.04463699,0.041379053,Rocky Flats,39.912799,-105.188587
2539,2023-09-03 12:00:00+00:00,0.05045936,0.05217808219178082,0.04950316,0.04669313,0.044245552,0.044116255,0.041893285,Rocky Flats,39.912799,-105.188587
2540,2023-09-03 13:00:00+00:00,0.050157823,0.052082191780821914,0.04943602,0.0459961,0.044056926,0.043882713,0.042289216,Rocky Flats,39.912799,-105.188587
2541,2023-09-03 14:00:00+00:00,0.05074314,0.051986301369863014,0.04917908,0.046832044,0.044925325,0.045152687,0.044248246,Rocky Flats,39.912799,-105.188587
2542,2023-09-03 15:00:00+00:00,0.05237557,0.05189041095890411,0.05187899,0.04981356,0.04665559,0.04860185,0.04611638,Rocky Flats,39.912799,-105.188587
2543,2023-09-03 16:00:00+00:00,0.05419375,0.05179452054794521,0.056143418,0.054018956,0.050083928,0.05284678,0.052703697,Rocky Flats,39.912799,-105.188587
2544,2023-09-03 17:00:00+00:00,0.054535348,0.0516986301369863,0.061008915,0.05849359,0.05511853,0.058236502,0.05756368,Rocky Flats,39.912799,-105.188587
2545,2023-09-06 18:00:00+00:00,0.052684437,0.055,0.061572447,0.06254196,0.06079389,0.063636966,0.0627332,Rocky Flats,39.912799,-105.188587
2546,2023-09-06 19:00:00+00:00,0.0594082,0.055,0.05878468,0.06570666,0.06517468,0.068417184,0.06769906,Rocky Flats,39.912799,-105.188587
2547,2023-09-06 20:00:00+00:00,0.05591919,0.063,0.06338515,0.06475403,0.06749659,0.07173014,0.071822464,Rocky Flats,39.912799,-105.188587
2548,2023-09-06 21:00:00+00:00,0.06615362,0.065,0.057924625,0.06606264,0.06947658,0.07273064,0.074180305,Rocky Flats,39.912799,-105.188587
2549,2023-09-06 22:00:00+00:00,0.06507188,0.068,0.06912534,0.06912425,0.070650294,0.07151191,0.07473254,Rocky Flats,39.912799,-105.188587
2550,2023-09-06 23:00:00+00:00,0.0673189,0.066,0.064209245,0.0674308,0.06974257,0.06869326,0.071645394,Rocky Flats,39.912799,-105.188587
2551,2023-09-07 00:00:00+00:00,0.06295804,0.056999999999999995,0.06571135,0.066984795,0.055807993,0.066092595,0.067592815,Rocky Flats,39.912799,-105.188587
2552,2023-09-07 01:00:00+00:00,0.05272554,0.065,0.057774287,0.06186135,0.05275629,0.06222604,0.063448004,Rocky Flats,39.912799,-105.188587
2553,2023-09-07 02:00:00+00:00,0.06299176,0.066,0.0499047,0.05801912,0.047493782,0.059135854,0.060681686,Rocky Flats,39.912799,-105.188587
2554,2023-09-07 03:00:00+00:00,0.06304144,0.059000000000000004,0.061746996,0.05338336,0.047106232,0.056910604,0.058251668,Rocky Flats,39.912799,-105.188587
2555,2023-09-07 04:00:00+00:00,0.055635378,0.053,0.059725333,0.049307074,0.046343643,0.043307446,0.0559643,Rocky Flats,39.912799,-105.188587
2556,2023-09-07 05:00:00+00:00,0.051518332,0.051,0.054529864,0.050481748,0.046912737,0.044113148,0.05354183,Rocky Flats,39.912799,-105.188587
2557,2023-09-07 06:00:00+00:00,0.05061115,0.047,0.050637804,0.05112504,0.04611479,0.043901507,0.051668342,Rocky Flats,39.912799,-105.188587
2558,2023-09-07 07:00:00+00:00,0.04722992,0.051,0.050704848,0.048610248,0.043597624,0.044749066,0.05009003,Rocky Flats,39.912799,-105.188587
2559,2023-09-07 08:00:00+00:00,0.05123038,0.052,0.047443364,0.046490207,0.046235267,0.04508812,0.04921456,Rocky Flats,39.912799,-105.188587
2560,2023-09-07 09:00:00+00:00,0.052226983,0.053,0.052534133,0.046623945,0.047355674,0.045336857,0.042038724,Rocky Flats,39.912799,-105.188587
2561,2023-09-07 10:00:00+00:00,0.052993357,0.052,0.05340348,0.04431841,0.046693992,0.04472055,0.042137116,Rocky Flats,39.912799,-105.188587
2562,2023-09-07 11:00:00+00:00,0.051728077,0.051,0.054761264,0.047413595,0.04536114,0.043716226,0.04115424,Rocky Flats,39.912799,-105.188587
2563,2023-09-07 12:00:00+00:00,0.050046917,0.05,0.052943885,0.04838688,0.044455472,0.04479544,0.040696554,Rocky Flats,39.912799,-105.188587
2564,2023-09-07 13:00:00+00:00,0.049294405,0.049,0.050044086,0.049904216,0.042357005,0.045481663,0.04039388,Rocky Flats,39.912799,-105.188587
2565,2023-09-07 14:00:00+00:00,0.04769633,0.046,0.050189693,0.04948515,0.0436594,0.04622146,0.04171219,Rocky Flats,39.912799,-105.188587
2566,2023-09-07 15:00:00+00:00,0.047088817,0.046,0.050242353,0.05024734,0.04603012,0.04807496,0.044444744,Rocky Flats,39.912799,-105.188587
2567,2023-09-07 16:00:00+00:00,0.048505057,0.045,0.051738087,0.052921586,0.05000568,0.05197925,0.05014708,Rocky Flats,39.912799,-105.188587
2568,2023-09-07 17:00:00+00:00,0.048545007,0.046,0.052903026,0.055284332,0.054046974,0.055313516,0.055679217,Rocky Flats,39.912799,-105.188587
2569,2023-09-07 18:00:00+00:00,0.049268037,0.047,0.053890724,0.056906845,0.05814074,0.058430083,0.06114586,Rocky Flats,39.912799,-105.188587
2570,2023-09-07 19:00:00+00:00,0.048855767,0.054,0.053757615,0.057165094,0.06180834,0.05936275,0.06579467,Rocky Flats,39.912799,-105.188587
2571,2023-09-07 20:00:00+00:00,0.05666635,0.056999999999999995,0.05186227,0.05938159,0.06378354,0.059866432,0.06867771,Rocky Flats,39.912799,-105.188587
2572,2023-09-07 21:00:00+00:00,0.058083806,0.059000000000000004,0.05966056,0.061136816,0.06418725,0.060262468,0.06959443,Rocky Flats,39.912799,-105.188587
2573,2023-09-07 22:00:00+00:00,0.05993961,0.06,0.059483908,0.060313158,0.06132872,0.061038036,0.068719454,Rocky Flats,39.912799,-105.188587
2574,2023-09-07 23:00:00+00:00,0.060343698,0.06,0.060708147,0.064441785,0.060042925,0.06130194,0.067386486,Rocky Flats,39.912799,-105.188587
2575,2023-09-08 00:00:00+00:00,0.058821056,0.05800000000000001,0.059295204,0.060824703,0.056477014,0.060810853,0.064666785,Rocky Flats,39.912799,-105.188587
2576,2023-09-08 01:00:00+00:00,0.05586968,0.054,0.05576009,0.057809837,0.050061416,0.056750372,0.061832927,Rocky Flats,39.912799,-105.188587
2577,2023-09-08 02:00:00+00:00,0.05225457,0.053,0.053315654,0.05233891,0.047827475,0.05221909,0.058898065,Rocky Flats,39.912799,-105.188587
2578,2023-09-08 03:00:00+00:00,0.05183853,0.052,0.05082062,0.049959417,0.046866715,0.04863551,0.057339486,Rocky Flats,39.912799,-105.188587
2579,2023-09-08 04:00:00+00:00,0.051583134,0.052,0.051160768,0.049810886,0.04693272,0.046583075,0.05530175,Rocky Flats,39.912799,-105.188587
2580,2023-09-08 05:00:00+00:00,0.05191389,0.049,0.051356543,0.047446504,0.046715304,0.04392807,0.05305386,Rocky Flats,39.912799,-105.188587
2581,2023-09-08 06:00:00+00:00,0.04900497,0.045,0.052216884,0.047778953,0.04660198,0.043026723,0.049338285,Rocky Flats,39.912799,-105.188587
2582,2023-09-08 07:00:00+00:00,0.045486085,0.044,0.048811402,0.04911648,0.045900315,0.041734014,0.044089753,Rocky Flats,39.912799,-105.188587
2583,2023-09-08 08:00:00+00:00,0.04477984,0.041,0.045870308,0.04861991,0.04582194,0.042231563,0.04129109,Rocky Flats,39.912799,-105.188587
2584,2023-09-08 09:00:00+00:00,0.04168596,0.042,0.045506112,0.046492647,0.046399333,0.0425479,0.040126834,Rocky Flats,39.912799,-105.188587
2585,2023-09-08 10:00:00+00:00,0.04215367,0.042,0.042518888,0.04426924,0.047380496,0.043091584,0.039440792,Rocky Flats,39.912799,-105.188587
2586,2023-09-08 11:00:00+00:00,0.041659348,0.042,0.043490965,0.04301943,0.047792703,0.043296114,0.040840384,Rocky Flats,39.912799,-105.188587
2587,2023-09-08 12:00:00+00:00,0.041218814,0.041,0.04262325,0.040208,0.047013443,0.04264139,0.04261704,Rocky Flats,39.912799,-105.188587
2588,2023-09-08 13:00:00+00:00,0.04055184,0.039,0.04233103,0.039477333,0.045819495,0.042346634,0.04350053,Rocky Flats,39.912799,-105.188587
2589,2023-09-08 14:00:00+00:00,0.039590802,0.041999999999999996,0.04275061,0.039290767,0.045300208,0.044639446,0.043720804,Rocky Flats,39.912799,-105.188587
2590,2023-09-08 15:00:00+00:00,0.044610303,0.045,0.04429935,0.041569754,0.044752542,0.04697306,0.044851467,Rocky Flats,39.912799,-105.188587
2591,2023-09-08 16:00:00+00:00,0.048508517,0.05,0.050376095,0.046903867,0.046192493,0.04952163,0.052575212,Rocky Flats,39.912799,-105.188587
2592,2023-09-08 17:00:00+00:00,0.054125752,0.055,0.054603167,0.052250728,0.049784373,0.053269863,0.05765398,Rocky Flats,39.912799,-105.188587
2593,2023-09-08 18:00:00+00:00,0.058405586,0.061,0.05886006,0.059049297,0.055366386,0.05814497,0.0639006,Rocky Flats,39.912799,-105.188587
2594,2023-09-08 19:00:00+00:00,0.06424689,0.063,0.06163598,0.06308933,0.06256461,0.063327685,0.06917632,Rocky Flats,39.912799,-105.188587
2595,2023-09-08 20:00:00+00:00,0.064101465,0.061,0.06719276,0.06730935,0.06545699,0.06916037,0.0732691,Rocky Flats,39.912799,-105.188587
2596,2023-09-08 21:00:00+00:00,0.06067755,0.061,0.06565018,0.07011091,0.06643784,0.07338971,0.07410376,Rocky Flats,39.912799,-105.188587
2597,2023-09-08 22:00:00+00:00,0.061316334,0.065,0.06170233,0.073783405,0.06529479,0.07371301,0.07115298,Rocky Flats,39.912799,-105.188587
2598,2023-09-08 23:00:00+00:00,0.06473597,0.066,0.06202946,0.07037524,0.0644814,0.06821633,0.06552479,Rocky Flats,39.912799,-105.188587
2599,2023-09-09 00:00:00+00:00,0.06367249,0.067,0.06345027,0.0640508,0.062217195,0.061899982,0.059468932,Rocky Flats,39.912799,-105.188587
2600,2023-09-09 01:00:00+00:00,0.06295072,0.056999999999999995,0.058921255,0.05837434,0.059338327,0.05681454,0.05597495,Rocky Flats,39.912799,-105.188587
2601,2023-09-09 02:00:00+00:00,0.053439353,0.041,0.05895892,0.05639944,0.055453554,0.053802006,0.05451446,Rocky Flats,39.912799,-105.188587
2602,2023-09-09 03:00:00+00:00,0.041721713,0.042,0.051946167,0.053314228,0.05293627,0.052119687,0.053880386,Rocky Flats,39.912799,-105.188587
2603,2023-09-09 04:00:00+00:00,0.043707125,0.045,0.044490263,0.05343507,0.05144034,0.051242102,0.053377584,Rocky Flats,39.912799,-105.188587
2604,2023-09-09 05:00:00+00:00,0.04578752,0.035,0.046119783,0.049825117,0.05179335,0.050148036,0.051829908,Rocky Flats,39.912799,-105.188587
2605,2023-09-09 06:00:00+00:00,0.036959417,0.036,0.04702359,0.04580843,0.050843943,0.04859075,0.050428584,Rocky Flats,39.912799,-105.188587
2606,2023-09-09 07:00:00+00:00,0.038669072,0.036,0.03963521,0.044366244,0.050146233,0.04674796,0.049103662,Rocky Flats,39.912799,-105.188587
2607,2023-09-09 08:00:00+00:00,0.03863504,0.035,0.042021673,0.044329166,0.048802,0.04568112,0.047953878,Rocky Flats,39.912799,-105.188587
2608,2023-09-09 09:00:00+00:00,0.037359424,0.038,0.041377265,0.040169545,0.04658787,0.045572836,0.048067376,Rocky Flats,39.912799,-105.188587
2609,2023-09-09 10:00:00+00:00,0.039271127,0.042,0.040294733,0.040821444,0.045801144,0.045470588,0.047033228,Rocky Flats,39.912799,-105.188587
2610,2023-09-09 11:00:00+00:00,0.042359464,0.041,0.041074835,0.040429123,0.045151487,0.047420055,0.045584664,Rocky Flats,39.912799,-105.188587
2611,2023-09-09 12:00:00+00:00,0.041278757,0.038,0.04349982,0.039305486,0.042150877,0.046658278,0.043122564,Rocky Flats,39.912799,-105.188587
2612,2023-09-09 13:00:00+00:00,0.038830414,0.036,0.0420722,0.03931017,0.041329645,0.04506711,0.04096376,Rocky Flats,39.912799,-105.188587
2613,2023-09-09 14:00:00+00:00,0.03789215,0.038,0.040317364,0.042267755,0.040881645,0.044576522,0.04361451,Rocky Flats,39.912799,-105.188587
2614,2023-09-09 15:00:00+00:00,0.041441616,0.04,0.042394888,0.0452001,0.041585118,0.04721126,0.048298392,Rocky Flats,39.912799,-105.188587
2615,2023-09-09 16:00:00+00:00,0.044084564,0.044,0.04756803,0.04847052,0.04442983,0.050622657,0.054134034,Rocky Flats,39.912799,-105.188587
2616,2023-09-09 17:00:00+00:00,0.048104227,0.048,0.051039442,0.051734813,0.048735064,0.054656643,0.05736645,Rocky Flats,39.912799,-105.188587
2617,2023-09-09 18:00:00+00:00,0.051456902,0.055,0.05448762,0.055367325,0.052144747,0.057240658,0.059203185,Rocky Flats,39.912799,-105.188587
2618,2023-09-09 19:00:00+00:00,0.05862217,0.063,0.056619428,0.058032338,0.054278947,0.059358824,0.06069732,Rocky Flats,39.912799,-105.188587
2619,2023-09-09 20:00:00+00:00,0.0660445,0.064,0.06211047,0.061004788,0.055508863,0.061734688,0.061742023,Rocky Flats,39.912799,-105.188587
2620,2023-09-09 21:00:00+00:00,0.064353146,0.065,0.06738413,0.063103616,0.05694901,0.06420459,0.061211202,Rocky Flats,39.912799,-105.188587
2621,2023-09-09 22:00:00+00:00,0.06507888,0.064,0.06373125,0.06406665,0.057447493,0.06476181,0.059388645,Rocky Flats,39.912799,-105.188587
2622,2023-09-09 23:00:00+00:00,0.062606245,0.062000000000000006,0.063648105,0.06786891,0.05848885,0.062470224,0.05560262,Rocky Flats,39.912799,-105.188587
2623,2023-09-10 00:00:00+00:00,0.059428997,0.06,0.059019055,0.062627725,0.057148665,0.059817445,0.050678782,Rocky Flats,39.912799,-105.188587
2624,2023-09-10 01:00:00+00:00,0.056673955,0.05800000000000001,0.055051938,0.05831372,0.05445266,0.055065867,0.04699739,Rocky Flats,39.912799,-105.188587
2625,2023-09-10 02:00:00+00:00,0.055543657,0.06,0.054034535,0.054091226,0.05562059,0.05114709,0.044778373,Rocky Flats,39.912799,-105.188587
2626,2023-09-10 03:00:00+00:00,0.058047283,0.052,0.053790554,0.05076999,0.054381605,0.048696265,0.042909257,Rocky Flats,39.912799,-105.188587
2627,2023-09-10 04:00:00+00:00,0.049675155,0.051,0.05684796,0.050948996,0.05296195,0.04710141,0.040657017,Rocky Flats,39.912799,-105.188587
2628,2023-09-10 05:00:00+00:00,0.050174974,0.051,0.04859712,0.04941561,0.051159997,0.046097703,0.03844903,Rocky Flats,39.912799,-105.188587
2629,2023-09-10 06:00:00+00:00,0.05025367,0.055,0.049489178,0.05089509,0.048998825,0.046441123,0.03729435,Rocky Flats,39.912799,-105.188587
2630,2023-09-10 07:00:00+00:00,0.05406969,0.053,0.04864256,0.04684067,0.047740508,0.046251535,0.035934307,Rocky Flats,39.912799,-105.188587
2631,2023-09-10 08:00:00+00:00,0.051322218,0.046,0.0531477,0.045829073,0.04802799,0.046669412,0.03680063,Rocky Flats,39.912799,-105.188587
2632,2023-09-10 09:00:00+00:00,0.04423919,0.044,0.049821153,0.044917215,0.048685912,0.04619108,0.038137518,Rocky Flats,39.912799,-105.188587
2633,2023-09-10 10:00:00+00:00,0.042393595,0.041,0.043469112,0.047098935,0.047242805,0.045033053,0.040207475,Rocky Flats,39.912799,-105.188587
2634,2023-09-10 11:00:00+00:00,0.039303765,0.04,0.041513033,0.045634966,0.04576193,0.046689197,0.042293306,Rocky Flats,39.912799,-105.188587
2635,2023-09-10 12:00:00+00:00,0.037887502,0.046,0.03824406,0.04087641,0.04395398,0.046149828,0.041222256,Rocky Flats,39.912799,-105.188587
2636,2023-09-10 13:00:00+00:00,0.04462403,0.043,0.038044393,0.037419103,0.042922247,0.04606436,0.039731134,Rocky Flats,39.912799,-105.188587
2637,2023-09-10 14:00:00+00:00,0.041401204,0.039,0.046599887,0.036612365,0.040497575,0.04459918,0.04041829,Rocky Flats,39.912799,-105.188587
2638,2023-09-10 15:00:00+00:00,0.038644485,0.039,0.044022955,0.038932815,0.038092572,0.04381466,0.044206876,Rocky Flats,39.912799,-105.188587
2639,2023-09-10 16:00:00+00:00,0.040067766,0.042,0.04119594,0.042325012,0.03821207,0.045586277,0.051320434,Rocky Flats,39.912799,-105.188587
2640,2023-09-10 17:00:00+00:00,0.044781514,0.044,0.042692468,0.04476901,0.041464165,0.049535014,0.054467276,Rocky Flats,39.912799,-105.188587
2641,2023-09-10 18:00:00+00:00,0.04488923,0.047,0.05027299,0.044211976,0.04643446,0.05323944,0.058844246,Rocky Flats,39.912799,-105.188587
2642,2023-09-10 19:00:00+00:00,0.04739009,0.046,0.048188526,0.0436696,0.05109613,0.056673046,0.06160894,Rocky Flats,39.912799,-105.188587
2643,2023-09-10 20:00:00+00:00,0.045594588,0.045,0.04983494,0.047135778,0.05335207,0.058370523,0.06289701,Rocky Flats,39.912799,-105.188587
2644,2023-09-10 21:00:00+00:00,0.044401694,0.045,0.04660305,0.04697415,0.05338372,0.059290264,0.062940836,Rocky Flats,39.912799,-105.188587
2645,2023-09-10 22:00:00+00:00,0.044161886,0.045,0.044627145,0.04876278,0.054266524,0.058124796,0.061970085,Rocky Flats,39.912799,-105.188587
2646,2023-09-10 23:00:00+00:00,0.0442188,0.041,0.043988213,0.0479211,0.055212155,0.05583681,0.05912193,Rocky Flats,39.912799,-105.188587
2647,2023-09-11 00:00:00+00:00,0.038583435,0.037,0.042718686,0.04646855,0.050790552,0.054717027,0.0554842,Rocky Flats,39.912799,-105.188587
2648,2023-09-11 01:00:00+00:00,0.035184957,0.036,0.03627259,0.044715352,0.048221283,0.049738728,0.052404813,Rocky Flats,39.912799,-105.188587
2649,2023-09-11 02:00:00+00:00,0.03525409,0.035,0.033483744,0.04317516,0.04426255,0.047929462,0.050937768,Rocky Flats,39.912799,-105.188587
2650,2023-09-11 03:00:00+00:00,0.0337246,0.032,0.03460481,0.039724316,0.040563535,0.047760885,0.04993955,Rocky Flats,39.912799,-105.188587
2651,2023-09-11 04:00:00+00:00,0.030530106,0.025,0.033120375,0.0343066,0.03906094,0.044486843,0.048919033,Rocky Flats,39.912799,-105.188587
2652,2023-09-11 05:00:00+00:00,0.02354105,0.025,0.030721297,0.031006886,0.037380103,0.040940646,0.04864207,Rocky Flats,39.912799,-105.188587
2653,2023-09-11 06:00:00+00:00,0.024528246,0.024,0.024690475,0.027770782,0.03654051,0.037034143,0.04649881,Rocky Flats,39.912799,-105.188587
2654,2023-09-11 07:00:00+00:00,0.02394223,0.035,0.025637891,0.02456406,0.034410883,0.033211887,0.045720946,Rocky Flats,39.912799,-105.188587
2655,2023-09-11 08:00:00+00:00,0.035128802,0.037,0.024822675,0.021232642,0.03349841,0.031379838,0.046474103,Rocky Flats,39.912799,-105.188587
2656,2023-09-11 09:00:00+00:00,0.03574533,0.031000000000000003,0.034898296,0.020717395,0.032402705,0.031004002,0.045083445,Rocky Flats,39.912799,-105.188587
2657,2023-09-11 10:00:00+00:00,0.028837513,0.025,0.033291884,0.020530248,0.030512469,0.027996793,0.04447121,Rocky Flats,39.912799,-105.188587
2658,2023-09-11 11:00:00+00:00,0.023941036,0.03,0.02772321,0.026512317,0.02744399,0.026176916,0.04246122,Rocky Flats,39.912799,-105.188587
2659,2023-09-11 12:00:00+00:00,0.029141469,0.031000000000000003,0.02311745,0.029134063,0.026074855,0.02487638,0.04025437,Rocky Flats,39.912799,-105.188587
2660,2023-09-11 13:00:00+00:00,0.030020742,0.028,0.02966574,0.025879119,0.025621017,0.024516132,0.038486023,Rocky Flats,39.912799,-105.188587
2661,2023-09-11 14:00:00+00:00,0.027578812,0.028999999999999998,0.031687006,0.022801263,0.028706329,0.024617454,0.036825247,Rocky Flats,39.912799,-105.188587
2662,2023-09-11 15:00:00+00:00,0.029955233,0.03,0.031124432,0.027994744,0.032804556,0.024860974,0.03420733,Rocky Flats,39.912799,-105.188587
2663,2023-09-11 16:00:00+00:00,0.03141807,0.029500000000000002,0.03417087,0.03430466,0.038045835,0.02660223,0.034978084,Rocky Flats,39.912799,-105.188587
2664,2023-09-11 17:00:00+00:00,0.030792605,0.029000000000000005,0.03464857,0.03853007,0.04489749,0.028705511,0.034799337,Rocky Flats,39.912799,-105.188587
2665,2023-09-11 18:00:00+00:00,0.031289224,0.032,0.03274394,0.038794637,0.053553473,0.031924523,0.034566615,Rocky Flats,39.912799,-105.188587
2666,2023-09-11 19:00:00+00:00,0.034751102,0.038,0.035366718,0.03678627,0.056045517,0.035704482,0.03594266,Rocky Flats,39.912799,-105.188587
2667,2023-09-11 20:00:00+00:00,0.03987699,0.044,0.038434464,0.034098115,0.04383784,0.038125496,0.03815007,Rocky Flats,39.912799,-105.188587
2668,2023-09-11 21:00:00+00:00,0.045344226,0.049,0.043138478,0.032062996,0.03549889,0.038662862,0.040696744,Rocky Flats,39.912799,-105.188587
2669,2023-09-11 22:00:00+00:00,0.04953331,0.051,0.04596477,0.029838534,0.031910177,0.03522516,0.038749874,Rocky Flats,39.912799,-105.188587
2670,2023-09-11 23:00:00+00:00,0.050287638,0.053,0.048979715,0.031136135,0.0295226,0.024780536,0.035380404,Rocky Flats,39.912799,-105.188587
2671,2023-09-12 00:00:00+00:00,0.051963728,0.051,0.04866496,0.03328462,0.02744731,0.01891281,0.041620485,Rocky Flats,39.912799,-105.188587
2672,2023-09-12 01:00:00+00:00,0.047507454,0.039,0.050357003,0.036313027,0.02418623,0.017563647,0.051901348,Rocky Flats,39.912799,-105.188587
2673,2023-09-12 02:00:00+00:00,0.035589606,0.038,0.045190528,0.037885632,0.024101796,0.017346371,0.058739536,Rocky Flats,39.912799,-105.188587
2674,2023-09-12 03:00:00+00:00,0.03735424,0.04,0.03530763,0.038196202,0.027198223,0.017721672,0.056181353,Rocky Flats,39.912799,-105.188587
2675,2023-09-12 04:00:00+00:00,0.03967593,0.037,0.03838831,0.03616562,0.032361075,0.017198334,0.03518957,Rocky Flats,39.912799,-105.188587
2676,2023-09-12 05:00:00+00:00,0.035892844,0.04,0.038379267,0.033957172,0.03873201,0.01845557,0.028291076,Rocky Flats,39.912799,-105.188587
2677,2023-09-12 06:00:00+00:00,0.039657712,0.034,0.036272854,0.034913473,0.041644752,0.02085373,0.025884366,Rocky Flats,39.912799,-105.188587
2678,2023-09-12 07:00:00+00:00,0.033498917,0.03,0.03905375,0.034773726,0.04278923,0.024699878,0.02595958,Rocky Flats,39.912799,-105.188587
2679,2023-09-12 08:00:00+00:00,0.030200059,0.031000000000000003,0.03278643,0.034406528,0.042949613,0.031500686,0.026010709,Rocky Flats,39.912799,-105.188587
2680,2023-09-12 09:00:00+00:00,0.030914087,0.03,0.030818976,0.03468208,0.04338712,0.03799208,0.029553847,Rocky Flats,39.912799,-105.188587
2681,2023-09-12 10:00:00+00:00,0.029178753,0.032,0.030918345,0.030750498,0.04295986,0.04317834,0.032496497,Rocky Flats,39.912799,-105.188587
2682,2023-09-12 11:00:00+00:00,0.030642578,0.031000000000000003,0.028701972,0.028101856,0.04254912,0.043894593,0.035867177,Rocky Flats,39.912799,-105.188587
2683,2023-09-12 12:00:00+00:00,0.029902477,0.034,0.030366093,0.027149608,0.04198116,0.041986544,0.039835285,Rocky Flats,39.912799,-105.188587
2684,2023-09-12 13:00:00+00:00,0.033294953,0.033,0.030504378,0.02805688,0.0416441,0.041044444,0.042627357,Rocky Flats,39.912799,-105.188587
2685,2023-09-12 14:00:00+00:00,0.033178993,0.028,0.036644004,0.033813097,0.04316088,0.042184353,0.044050068,Rocky Flats,39.912799,-105.188587
2686,2023-09-12 15:00:00+00:00,0.03059215,0.027,0.038556546,0.03987675,0.04637719,0.046603784,0.044698466,Rocky Flats,39.912799,-105.188587
2687,2023-09-12 16:00:00+00:00,0.031652216,0.033,0.038359948,0.04662617,0.05180565,0.052359004,0.050433252,Rocky Flats,39.912799,-105.188587
2688,2023-09-12 17:00:00+00:00,0.038755454,0.041,0.04085781,0.052301586,0.058570262,0.057629053,0.05392168,Rocky Flats,39.912799,-105.188587
2689,2023-09-12 18:00:00+00:00,0.047057215,0.047,0.046988185,0.05645187,0.06307208,0.061963342,0.056912426,Rocky Flats,39.912799,-105.188587
2690,2023-09-12 19:00:00+00:00,0.051369827,0.053,0.05705211,0.05908297,0.066296495,0.065204866,0.059115093,Rocky Flats,39.912799,-105.188587
2691,2023-09-12 20:00:00+00:00,0.05654502,0.056999999999999995,0.05837525,0.06214794,0.06548664,0.067734584,0.0608061,Rocky Flats,39.912799,-105.188587
2692,2023-09-12 21:00:00+00:00,0.0587959,0.06,0.06081552,0.06791978,0.06384239,0.06968036,0.06253319,Rocky Flats,39.912799,-105.188587
2693,2023-09-12 22:00:00+00:00,0.060651958,0.062000000000000006,0.060943272,0.0703331,0.0625948,0.07054749,0.063139,Rocky Flats,39.912799,-105.188587
2694,2023-09-12 23:00:00+00:00,0.061695565,0.064,0.06142249,0.06921904,0.060994428,0.070425496,0.06236548,Rocky Flats,39.912799,-105.188587
2695,2023-09-13 00:00:00+00:00,0.061854,0.06,0.0596798,0.06437265,0.059728604,0.06983586,0.061715007,Rocky Flats,39.912799,-105.188587
2696,2023-09-13 01:00:00+00:00,0.05575048,0.05800000000000001,0.057434976,0.060107287,0.056596637,0.06275117,0.06031669,Rocky Flats,39.912799,-105.188587
2697,2023-09-13 02:00:00+00:00,0.055268217,0.056,0.052493013,0.055016097,0.054623082,0.060120992,0.058470607,Rocky Flats,39.912799,-105.188587
2698,2023-09-13 03:00:00+00:00,0.053710613,0.054,0.05404119,0.05205743,0.05258837,0.056572426,0.055165607,Rocky Flats,39.912799,-105.188587
2699,2023-09-13 04:00:00+00:00,0.05228872,0.05,0.051852435,0.049245264,0.0514965,0.053573873,0.051716626,Rocky Flats,39.912799,-105.188587
2700,2023-09-13 05:00:00+00:00,0.048959475,0.054,0.05113493,0.047846742,0.050705474,0.04681604,0.049839385,Rocky Flats,39.912799,-105.188587
2701,2023-09-13 06:00:00+00:00,0.05373784,0.054,0.048918873,0.04572516,0.05039946,0.043064967,0.048028633,Rocky Flats,39.912799,-105.188587
2702,2023-09-13 07:00:00+00:00,0.053474788,0.053,0.053366963,0.04496565,0.04988544,0.04234842,0.046806242,Rocky Flats,39.912799,-105.188587
2703,2023-09-13 08:00:00+00:00,0.05249258,0.052,0.05267775,0.044579957,0.049171302,0.042679336,0.045461193,Rocky Flats,39.912799,-105.188587
2704,2023-09-13 09:00:00+00:00,0.051245287,0.051,0.052420363,0.04663767,0.048655756,0.042596128,0.045045827,Rocky Flats,39.912799,-105.188587
2705,2023-09-13 10:00:00+00:00,0.05022237,0.051,0.051148918,0.047637653,0.04749978,0.0431474,0.04357493,Rocky Flats,39.912799,-105.188587
2706,2023-09-13 11:00:00+00:00,0.04957839,0.044,0.050151616,0.047823284,0.04651478,0.042904716,0.0421271,Rocky Flats,39.912799,-105.188587
2707,2023-09-13 12:00:00+00:00,0.04267612,0.039,0.04922268,0.047372997,0.046303175,0.04293412,0.04119599,Rocky Flats,39.912799,-105.188587
2708,2023-09-13 13:00:00+00:00,0.038309235,0.037,0.04240421,0.046908986,0.045688592,0.043078635,0.040527277,Rocky Flats,39.912799,-105.188587
2709,2023-09-13 14:00:00+00:00,0.03765312,0.038,0.04048196,0.047263872,0.046181083,0.04374352,0.03936374,Rocky Flats,39.912799,-105.188587
2710,2023-09-13 15:00:00+00:00,0.040439893,0.042,0.04274478,0.04607292,0.047040485,0.047587853,0.040603235,Rocky Flats,39.912799,-105.188587
2711,2023-09-13 16:00:00+00:00,0.046032753,0.051,0.04717334,0.04778449,0.049564965,0.052086737,0.04573858,Rocky Flats,39.912799,-105.188587
2712,2023-09-13 17:00:00+00:00,0.05642333,0.056999999999999995,0.054269854,0.051417563,0.05398382,0.056171402,0.04949713,Rocky Flats,39.912799,-105.188587
2713,2023-09-13 18:00:00+00:00,0.061374683,0.061,0.06354291,0.055928357,0.05639401,0.059679713,0.0534678,Rocky Flats,39.912799,-105.188587
2714,2023-09-13 19:00:00+00:00,0.06383938,0.05800000000000001,0.06643536,0.060774423,0.058146834,0.062323965,0.054724433,Rocky Flats,39.912799,-105.188587
2715,2023-09-13 20:00:00+00:00,0.05790474,0.059000000000000004,0.06719291,0.06693416,0.060711537,0.06447936,0.05571922,Rocky Flats,39.912799,-105.188587
2716,2023-09-13 21:00:00+00:00,0.060212195,0.05800000000000001,0.059691835,0.072488874,0.06334707,0.06626916,0.056046065,Rocky Flats,39.912799,-105.188587
2717,2023-09-13 22:00:00+00:00,0.058207784,0.059000000000000004,0.062694825,0.07509485,0.066119246,0.067347065,0.05615827,Rocky Flats,39.912799,-105.188587
2718,2023-09-13 23:00:00+00:00,0.058278427,0.062000000000000006,0.05891875,0.07027293,0.068006344,0.06712153,0.055320602,Rocky Flats,39.912799,-105.188587
2719,2023-09-14 00:00:00+00:00,0.06038777,0.061,0.057817552,0.0674216,0.066979334,0.06353333,0.05147366,Rocky Flats,39.912799,-105.188587
2720,2023-09-14 01:00:00+00:00,0.057649594,0.056999999999999995,0.05693584,0.06012356,0.062959865,0.057647742,0.047077965,Rocky Flats,39.912799,-105.188587
2721,2023-09-14 02:00:00+00:00,0.054527525,0.05800000000000001,0.054642767,0.054831002,0.056143183,0.052546956,0.04487368,Rocky Flats,39.912799,-105.188587
2722,2023-09-14 03:00:00+00:00,0.05643339,0.051,0.053335615,0.0524726,0.052833766,0.05078894,0.0440193,Rocky Flats,39.912799,-105.188587
2723,2023-09-14 04:00:00+00:00,0.049506992,0.049,0.055271298,0.051052745,0.050038397,0.05070074,0.04358047,Rocky Flats,39.912799,-105.188587
2724,2023-09-14 05:00:00+00:00,0.048845734,0.049,0.049058553,0.049289357,0.048598904,0.051021952,0.042477153,Rocky Flats,39.912799,-105.188587
2725,2023-09-14 06:00:00+00:00,0.049471118,0.048,0.049545523,0.048390076,0.04845887,0.049437698,0.041057777,Rocky Flats,39.912799,-105.188587
2726,2023-09-14 07:00:00+00:00,0.04827498,0.049,0.049954735,0.046147913,0.04751069,0.047978465,0.040762212,Rocky Flats,39.912799,-105.188587
2727,2023-09-14 08:00:00+00:00,0.04873223,0.046,0.04832004,0.045174263,0.046641793,0.04562165,0.042332586,Rocky Flats,39.912799,-105.188587
2728,2023-09-14 09:00:00+00:00,0.04587291,0.046,0.047988627,0.04570418,0.04747034,0.043937206,0.04393797,Rocky Flats,39.912799,-105.188587
2729,2023-09-14 10:00:00+00:00,0.045191135,0.046,0.04629237,0.04457565,0.046315517,0.043971542,0.045898728,Rocky Flats,39.912799,-105.188587
2730,2023-09-14 11:00:00+00:00,0.044548243,0.043,0.04530669,0.044069957,0.045523845,0.044141512,0.045648392,Rocky Flats,39.912799,-105.188587
2731,2023-09-14 12:00:00+00:00,0.04122739,0.043,0.044435564,0.043155316,0.044593282,0.043831207,0.044921707,Rocky Flats,39.912799,-105.188587
2732,2023-09-14 13:00:00+00:00,0.041873142,0.042,0.04120213,0.041933607,0.04202022,0.043916292,0.04187581,Rocky Flats,39.912799,-105.188587
2733,2023-09-14 14:00:00+00:00,0.041962296,0.037,0.04362784,0.042605735,0.040253803,0.04377521,0.039836552,Rocky Flats,39.912799,-105.188587
2734,2023-09-14 15:00:00+00:00,0.03903607,0.040499999999999994,0.045395814,0.04415291,0.041404314,0.04533035,0.040253855,Rocky Flats,39.912799,-105.188587
2735,2023-09-14 16:00:00+00:00,0.04448288,0.044,0.04538381,0.04895337,0.044844262,0.048753906,0.04352627,Rocky Flats,39.912799,-105.188587
2736,2023-09-14 17:00:00+00:00,0.048136722,0.0475,0.05122138,0.05272438,0.049593184,0.052182145,0.045235116,Rocky Flats,39.912799,-105.188587
2737,2023-09-14 18:00:00+00:00,0.05084001,0.051,0.05523278,0.05460733,0.053265974,0.055196255,0.048032273,Rocky Flats,39.912799,-105.188587
2738,2023-09-14 19:00:00+00:00,0.05219831,0.052,0.05788142,0.057687905,0.05750509,0.05804321,0.05044984,Rocky Flats,39.912799,-105.188587
2739,2023-09-14 20:00:00+00:00,0.05334844,0.054,0.05547654,0.061168052,0.059594963,0.060046144,0.05298492,Rocky Flats,39.912799,-105.188587
2740,2023-09-14 21:00:00+00:00,0.054155078,0.049,0.053899072,0.064501196,0.06011271,0.06169534,0.055446472,Rocky Flats,39.912799,-105.188587
2741,2023-09-14 22:00:00+00:00,0.047132738,0.047,0.055376872,0.05801964,0.061868574,0.062134895,0.05749119,Rocky Flats,39.912799,-105.188587
2742,2023-09-14 23:00:00+00:00,0.045792967,0.041,0.04542966,0.06302082,0.061247583,0.06103122,0.057070315,Rocky Flats,39.912799,-105.188587
2743,2023-09-15 00:00:00+00:00,0.0387592,0.038,0.042917985,0.055759832,0.05876594,0.058111534,0.05359461,Rocky Flats,39.912799,-105.188587
2744,2023-09-15 01:00:00+00:00,0.03645405,0.038,0.03606452,0.04864071,0.049853593,0.053510442,0.049162593,Rocky Flats,39.912799,-105.188587
2745,2023-09-15 02:00:00+00:00,0.037604626,0.041,0.03514448,0.04471148,0.048805773,0.04987398,0.04608608,Rocky Flats,39.912799,-105.188587
2746,2023-09-15 03:00:00+00:00,0.04046513,0.04,0.03604791,0.03983036,0.04580904,0.04822044,0.044061393,Rocky Flats,39.912799,-105.188587
2747,2023-09-15 04:00:00+00:00,0.038350414,0.043,0.039496433,0.037584946,0.042202614,0.046579275,0.042802144,Rocky Flats,39.912799,-105.188587
2748,2023-09-15 05:00:00+00:00,0.042901978,0.04,0.03766274,0.034236047,0.040409382,0.043044,0.041631497,Rocky Flats,39.912799,-105.188587
2749,2023-09-15 06:00:00+00:00,0.038389396,0.041,0.042743795,0.030362485,0.041133665,0.043116882,0.04056518,Rocky Flats,39.912799,-105.188587
2750,2023-09-15 07:00:00+00:00,0.04003982,0.038,0.03814868,0.028633494,0.040381428,0.038843352,0.04013909,Rocky Flats,39.912799,-105.188587
2751,2023-09-15 08:00:00+00:00,0.036488328,0.036,0.040062714,0.03232778,0.0402026,0.034646705,0.04097756,Rocky Flats,39.912799,-105.188587
2752,2023-09-15 09:00:00+00:00,0.034563154,0.036,0.035768453,0.033126608,0.039586246,0.031064123,0.041518427,Rocky Flats,39.912799,-105.188587
2753,2023-09-15 10:00:00+00:00,0.034651697,0.035,0.034667596,0.03448315,0.037662532,0.029367259,0.039607264,Rocky Flats,39.912799,-105.188587
2754,2023-09-15 11:00:00+00:00,0.03334298,0.034,0.03444849,0.03340996,0.036870785,0.029359061,0.03974583,Rocky Flats,39.912799,-105.188587
2755,2023-09-15 12:00:00+00:00,0.03237673,0.033,0.032751527,0.032160282,0.034590453,0.027982395,0.03790027,Rocky Flats,39.912799,-105.188587
2756,2023-09-15 13:00:00+00:00,0.03174617,0.029000000000000005,0.03222368,0.032057565,0.0328908,0.025952645,0.038203694,Rocky Flats,39.912799,-105.188587
2757,2023-09-15 14:00:00+00:00,0.028376488,0.029000000000000005,0.03229559,0.03083486,0.030518303,0.026394239,0.03989705,Rocky Flats,39.912799,-105.188587
2758,2023-09-15 15:00:00+00:00,0.029685333,0.034,0.030501992,0.030205391,0.028711269,0.026285078,0.041198652,Rocky Flats,39.912799,-105.188587
2759,2023-09-15 16:00:00+00:00,0.0353615,0.037,0.034370054,0.029716296,0.028845912,0.02656999,0.041198757,Rocky Flats,39.912799,-105.188587
2760,2023-09-15 17:00:00+00:00,0.038560025,0.038,0.039551992,0.028329074,0.029825797,0.027397139,0.038230926,Rocky Flats,39.912799,-105.188587
2761,2023-09-15 18:00:00+00:00,0.03855908,0.039,0.042583548,0.02887854,0.03130618,0.0286062,0.034032602,Rocky Flats,39.912799,-105.188587
2762,2023-09-15 19:00:00+00:00,0.040353075,0.041,0.041514505,0.030276956,0.03194488,0.029187718,0.032794844,Rocky Flats,39.912799,-105.188587
2763,2023-09-15 20:00:00+00:00,0.041963644,0.043,0.04347511,0.03165459,0.031140173,0.029934451,0.03221174,Rocky Flats,39.912799,-105.188587
2764,2023-09-15 21:00:00+00:00,0.043541685,0.045,0.04394769,0.032343667,0.030519104,0.029449286,0.03211759,Rocky Flats,39.912799,-105.188587
2765,2023-09-15 22:00:00+00:00,0.046190683,0.047,0.044705268,0.033649124,0.030689405,0.028094081,0.03226246,Rocky Flats,39.912799,-105.188587
2766,2023-09-15 23:00:00+00:00,0.046972778,0.05,0.047043152,0.03524148,0.031295147,0.025544731,0.031966086,Rocky Flats,39.912799,-105.188587
2767,2023-09-16 00:00:00+00:00,0.049586635,0.049,0.046537094,0.037065357,0.031829424,0.02223655,0.0312938,Rocky Flats,39.912799,-105.188587
2768,2023-09-16 01:00:00+00:00,0.04610444,0.047,0.048316073,0.03772231,0.032653507,0.019564869,0.030853244,Rocky Flats,39.912799,-105.188587
2769,2023-09-16 02:00:00+00:00,0.044930823,0.039,0.04469803,0.036295317,0.036043115,0.018853704,0.03084508,Rocky Flats,39.912799,-105.188587
2770,2023-09-16 03:00:00+00:00,0.037331734,0.036,0.04466082,0.037461393,0.03875775,0.020090967,0.031267893,Rocky Flats,39.912799,-105.188587
2771,2023-09-16 04:00:00+00:00,0.035948515,0.036,0.03835302,0.036777273,0.04260054,0.022716673,0.031249272,Rocky Flats,39.912799,-105.188587
2772,2023-09-16 05:00:00+00:00,0.036176756,0.037,0.036565784,0.039057046,0.045928214,0.02615497,0.030265834,Rocky Flats,39.912799,-105.188587
2773,2023-09-16 06:00:00+00:00,0.037149478,0.038,0.03667431,0.037669156,0.046718992,0.030439142,0.029733963,Rocky Flats,39.912799,-105.188587
2774,2023-09-16 07:00:00+00:00,0.03819416,0.04,0.03794099,0.03456305,0.04703766,0.03647131,0.029841872,Rocky Flats,39.912799,-105.188587
2775,2023-09-16 08:00:00+00:00,0.039967243,0.039,0.038662627,0.033559807,0.047495946,0.042217966,0.030466372,Rocky Flats,39.912799,-105.188587
2776,2023-09-16 09:00:00+00:00,0.03890307,0.041,0.04027964,0.033984132,0.04652381,0.046905898,0.029889667,Rocky Flats,39.912799,-105.188587
2777,2023-09-16 10:00:00+00:00,0.04033214,0.04,0.0393056,0.03409452,0.045736402,0.05229784,0.0319843,Rocky Flats,39.912799,-105.188587
2778,2023-09-16 11:00:00+00:00,0.038768567,0.039,0.04037723,0.03452057,0.045027357,0.05319635,0.03717297,Rocky Flats,39.912799,-105.188587
2779,2023-09-16 12:00:00+00:00,0.037496105,0.033,0.038228728,0.034867268,0.044421624,0.053558823,0.04542369,Rocky Flats,39.912799,-105.188587
2780,2023-09-16 13:00:00+00:00,0.03237227,0.032,0.037681498,0.038388096,0.04388007,0.053099334,0.05249956,Rocky Flats,39.912799,-105.188587
2781,2023-09-16 14:00:00+00:00,0.032988634,0.036,0.034783997,0.042820062,0.045006026,0.053696457,0.05239424,Rocky Flats,39.912799,-105.188587
2782,2023-09-16 15:00:00+00:00,0.03877607,0.042,0.038214426,0.047568977,0.046990577,0.055454586,0.050820746,Rocky Flats,39.912799,-105.188587
2783,2023-09-16 16:00:00+00:00,0.04524737,0.043,0.044769205,0.05030434,0.05114138,0.058474332,0.05755541,Rocky Flats,39.912799,-105.188587
2784,2023-09-16 17:00:00+00:00,0.046360716,0.051,0.051913712,0.05172681,0.054187335,0.061215542,0.062202115,Rocky Flats,39.912799,-105.188587
2785,2023-09-16 18:00:00+00:00,0.05627021,0.053,0.054009635,0.054070346,0.056658696,0.06389465,0.06467921,Rocky Flats,39.912799,-105.188587
2786,2023-09-16 19:00:00+00:00,0.055076964,0.056999999999999995,0.06308683,0.057642516,0.056054868,0.06565367,0.06665977,Rocky Flats,39.912799,-105.188587
2787,2023-09-16 20:00:00+00:00,0.05947388,0.06,0.059951145,0.05976097,0.05692559,0.06631138,0.06711504,Rocky Flats,39.912799,-105.188587
2788,2023-09-16 21:00:00+00:00,0.061483163,0.064,0.063793086,0.06622066,0.060727295,0.06556517,0.0670446,Rocky Flats,39.912799,-105.188587
2789,2023-09-16 22:00:00+00:00,0.064898625,0.068,0.06387774,0.06816168,0.06291836,0.06518598,0.065663695,Rocky Flats,39.912799,-105.188587
2790,2023-09-16 23:00:00+00:00,0.06739559,0.068,0.06596685,0.06837934,0.06123165,0.062446065,0.063848816,Rocky Flats,39.912799,-105.188587
2791,2023-09-17 00:00:00+00:00,0.06469232,0.068,0.06534543,0.06466335,0.059988845,0.058247197,0.05881725,Rocky Flats,39.912799,-105.188587
2792,2023-09-17 01:00:00+00:00,0.06301669,0.064,0.05938584,0.060634915,0.055511896,0.053053185,0.05129599,Rocky Flats,39.912799,-105.188587
2793,2023-09-17 02:00:00+00:00,0.059853982,0.059000000000000004,0.05992852,0.057572562,0.053014208,0.049333315,0.046048857,Rocky Flats,39.912799,-105.188587
2794,2023-09-17 03:00:00+00:00,0.056548305,0.056,0.05779087,0.05389338,0.05144749,0.046268936,0.044241697,Rocky Flats,39.912799,-105.188587
2795,2023-09-17 04:00:00+00:00,0.05479527,0.052,0.05559774,0.05345493,0.051688608,0.04546509,0.042937744,Rocky Flats,39.912799,-105.188587
2796,2023-09-17 05:00:00+00:00,0.051451597,0.052,0.05419786,0.051765908,0.05189647,0.045120437,0.042157557,Rocky Flats,39.912799,-105.188587
2797,2023-09-17 06:00:00+00:00,0.0519713,0.05,0.050845403,0.050920565,0.050702,0.045190554,0.042492103,Rocky Flats,39.912799,-105.188587
2798,2023-09-17 07:00:00+00:00,0.050133947,0.053,0.051770214,0.049699254,0.0497122,0.04524779,0.043441847,Rocky Flats,39.912799,-105.188587
2799,2023-09-17 08:00:00+00:00,0.052824266,0.051,0.04987708,0.047821507,0.048864894,0.045396987,0.044117056,Rocky Flats,39.912799,-105.188587
2800,2023-09-17 09:00:00+00:00,0.050875604,0.047,0.052993245,0.047655094,0.048694447,0.045235798,0.044402227,Rocky Flats,39.912799,-105.188587
2801,2023-09-17 10:00:00+00:00,0.046799745,0.046,0.051141623,0.0466223,0.048522856,0.044600517,0.04423133,Rocky Flats,39.912799,-105.188587
2802,2023-09-17 11:00:00+00:00,0.04588131,0.043,0.047804944,0.04894536,0.047376256,0.04498156,0.04313881,Rocky Flats,39.912799,-105.188587
2803,2023-09-17 12:00:00+00:00,0.04159877,0.043,0.047316767,0.04827449,0.046983715,0.04483197,0.041484542,Rocky Flats,39.912799,-105.188587
2804,2023-09-17 13:00:00+00:00,0.041425284,0.041,0.041705422,0.045591608,0.04587352,0.044401366,0.03911644,Rocky Flats,39.912799,-105.188587
2805,2023-09-17 14:00:00+00:00,0.040789474,0.041,0.043288656,0.045433555,0.04615791,0.04446937,0.036886588,Rocky Flats,39.912799,-105.188587
2806,2023-09-17 15:00:00+00:00,0.043128356,0.043333333333333335,0.04496156,0.045195267,0.047061197,0.045523167,0.036364965,Rocky Flats,39.912799,-105.188587
2807,2023-09-17 16:00:00+00:00,0.047541104,0.04566666666666667,0.049410358,0.0493106,0.048156008,0.04876707,0.041053884,Rocky Flats,39.912799,-105.188587
2808,2023-09-17 17:00:00+00:00,0.05038769,0.048,0.05399116,0.05324391,0.051455572,0.052686963,0.046082787,Rocky Flats,39.912799,-105.188587
2809,2023-09-17 18:00:00+00:00,0.05204948,0.050333333333333334,0.05684379,0.05730164,0.052654196,0.056333188,0.050973833,Rocky Flats,39.912799,-105.188587
2810,2023-09-17 19:00:00+00:00,0.053131573,0.05266666666666667,0.057436123,0.06101368,0.055236034,0.059047602,0.054703414,Rocky Flats,39.912799,-105.188587
2811,2023-09-17 20:00:00+00:00,0.054723263,0.055,0.05822407,0.063881956,0.0574451,0.061016925,0.057450414,Rocky Flats,39.912799,-105.188587
2812,2023-09-17 21:00:00+00:00,0.056514047,0.057333333333333326,0.058943734,0.06661747,0.060745377,0.06283661,0.059506323,Rocky Flats,39.912799,-105.188587
2813,2023-09-17 22:00:00+00:00,0.05840644,0.059666666666666666,0.05945596,0.0680041,0.062118072,0.06395702,0.060210146,Rocky Flats,39.912799,-105.188587
2814,2023-09-17 23:00:00+00:00,0.059447546,0.062000000000000006,0.059510957,0.066799775,0.061517905,0.063551486,0.059153654,Rocky Flats,39.912799,-105.188587
2815,2023-09-18 00:00:00+00:00,0.060037255,0.059000000000000004,0.05755316,0.062193334,0.058064736,0.06051091,0.05654137,Rocky Flats,39.912799,-105.188587
2816,2023-09-18 01:00:00+00:00,0.0551421,0.056999999999999995,0.05514388,0.0564427,0.053045407,0.05591922,0.053536307,Rocky Flats,39.912799,-105.188587
2817,2023-09-18 02:00:00+00:00,0.05455849,0.051,0.05196252,0.051661607,0.048867714,0.05078125,0.051633272,Rocky Flats,39.912799,-105.188587
2818,2023-09-18 03:00:00+00:00,0.04972769,0.048,0.052998133,0.04907685,0.04671576,0.048414562,0.049434356,Rocky Flats,39.912799,-105.188587
2819,2023-09-18 04:00:00+00:00,0.047780644,0.049,0.049261663,0.047983844,0.045948878,0.047594603,0.047495496,Rocky Flats,39.912799,-105.188587
2820,2023-09-18 05:00:00+00:00,0.049306057,0.055,0.048293315,0.047133923,0.045746412,0.047379747,0.045674626,Rocky Flats,39.912799,-105.188587
2821,2023-09-18 06:00:00+00:00,0.054874014,0.054,0.049861196,0.04645295,0.04559588,0.04619304,0.044476025,Rocky Flats,39.912799,-105.188587
2822,2023-09-18 07:00:00+00:00,0.053544622,0.056,0.05406855,0.04458369,0.044901658,0.044679206,0.04292485,Rocky Flats,39.912799,-105.188587
2823,2023-09-18 08:00:00+00:00,0.055041704,0.059000000000000004,0.053045772,0.045379832,0.045371428,0.043372754,0.041825987,Rocky Flats,39.912799,-105.188587
2824,2023-09-18 09:00:00+00:00,0.058235675,0.061,0.05435355,0.047749214,0.04527573,0.043131433,0.040858556,Rocky Flats,39.912799,-105.188587
2825,2023-09-18 10:00:00+00:00,0.05978435,0.061,0.058172997,0.048732925,0.044881545,0.04354867,0.040747408,Rocky Flats,39.912799,-105.188587
2826,2023-09-18 11:00:00+00:00,0.058993246,0.05800000000000001,0.060814004,0.049967464,0.045308005,0.04391238,0.040486496,Rocky Flats,39.912799,-105.188587
2827,2023-09-18 12:00:00+00:00,0.05560073,0.056,0.060290515,0.054723304,0.045489084,0.043852624,0.03971262,Rocky Flats,39.912799,-105.188587
2828,2023-09-18 13:00:00+00:00,0.0539001,0.054,0.05687346,0.05686181,0.044926737,0.042945825,0.038524978,Rocky Flats,39.912799,-105.188587
2829,2023-09-18 14:00:00+00:00,0.0526809,0.053,0.055421945,0.057510912,0.043837532,0.042871643,0.03788493,Rocky Flats,39.912799,-105.188587
2830,2023-09-18 15:00:00+00:00,0.053238966,0.05466666666666667,0.05461669,0.056081045,0.044665568,0.045093365,0.038755953,Rocky Flats,39.912799,-105.188587
2831,2023-09-18 16:00:00+00:00,0.056404572,0.05633333333333333,0.05690216,0.056627106,0.04726328,0.048387174,0.04174017,Rocky Flats,39.912799,-105.188587
2832,2023-09-18 17:00:00+00:00,0.058374014,0.05800000000000001,0.060793575,0.05736335,0.050760172,0.05173522,0.045332022,Rocky Flats,39.912799,-105.188587
2833,2023-09-18 18:00:00+00:00,0.059976242,0.05800000000000001,0.062637,0.059911013,0.053636182,0.053970713,0.048482854,Rocky Flats,39.912799,-105.188587
2834,2023-09-18 19:00:00+00:00,0.05922038,0.056999999999999995,0.06379095,0.06207645,0.057883624,0.056922473,0.05153253,Rocky Flats,39.912799,-105.188587
2835,2023-09-18 20:00:00+00:00,0.05761272,0.055,0.06159353,0.06439299,0.06091317,0.060299713,0.054404303,Rocky Flats,39.912799,-105.188587
2836,2023-09-18 21:00:00+00:00,0.05573619,0.053,0.059142992,0.066245146,0.06506943,0.06183991,0.056788545,Rocky Flats,39.912799,-105.188587
2837,2023-09-18 22:00:00+00:00,0.0535102,0.052,0.05736684,0.06439555,0.06649741,0.061364952,0.05814214,Rocky Flats,39.912799,-105.188587
2838,2023-09-18 23:00:00+00:00,0.05182405,0.051,0.054872815,0.06019002,0.06793507,0.05882143,0.05661031,Rocky Flats,39.912799,-105.188587
2839,2023-09-19 00:00:00+00:00,0.050365057,0.051,0.052193288,0.055914935,0.064313136,0.055575226,0.05289574,Rocky Flats,39.912799,-105.188587
2840,2023-09-19 01:00:00+00:00,0.05006318,0.05,0.04968477,0.05127745,0.05906955,0.052216057,0.049908333,Rocky Flats,39.912799,-105.188587
2841,2023-09-19 02:00:00+00:00,0.050085258,0.048,0.049641218,0.047076195,0.05442432,0.05049056,0.04800547,Rocky Flats,39.912799,-105.188587
2842,2023-09-19 03:00:00+00:00,0.048149798,0.048,0.050216172,0.04500088,0.05158906,0.049304582,0.046943903,Rocky Flats,39.912799,-105.188587
2843,2023-09-19 04:00:00+00:00,0.04800711,0.05,0.049232204,0.046390936,0.050085787,0.04824155,0.046104573,Rocky Flats,39.912799,-105.188587
2844,2023-09-19 05:00:00+00:00,0.0501074,0.049,0.04858782,0.04620914,0.04911909,0.046375874,0.045048546,Rocky Flats,39.912799,-105.188587
2845,2023-09-19 06:00:00+00:00,0.049458046,0.048,0.04952901,0.04557534,0.04807974,0.04522382,0.044339944,Rocky Flats,39.912799,-105.188587
2846,2023-09-19 07:00:00+00:00,0.048870455,0.047,0.04925054,0.044708595,0.04733695,0.04480715,0.044439785,Rocky Flats,39.912799,-105.188587
2847,2023-09-19 08:00:00+00:00,0.048078407,0.048,0.049366068,0.04532011,0.047195803,0.044180512,0.04504022,Rocky Flats,39.912799,-105.188587
2848,2023-09-19 09:00:00+00:00,0.04887658,0.048,0.04840391,0.04619082,0.046470296,0.042902537,0.045283686,Rocky Flats,39.912799,-105.188587
2849,2023-09-19 10:00:00+00:00,0.04893757,0.048,0.0497756,0.046240933,0.045218877,0.0425823,0.04466406,Rocky Flats,39.912799,-105.188587
2850,2023-09-19 11:00:00+00:00,0.048729297,0.048,0.05017369,0.045581955,0.04404726,0.043540806,0.044296138,Rocky Flats,39.912799,-105.188587
2851,2023-09-19 12:00:00+00:00,0.048005957,0.049,0.049929153,0.046255346,0.04270145,0.04274423,0.043387834,Rocky Flats,39.912799,-105.188587
2852,2023-09-19 13:00:00+00:00,0.048490506,0.048,0.048518196,0.046376605,0.041093927,0.042126905,0.04336097,Rocky Flats,39.912799,-105.188587
2853,2023-09-19 14:00:00+00:00,0.047682326,0.047,0.04875898,0.046983045,0.04051225,0.04300723,0.04473824,Rocky Flats,39.912799,-105.188587
2854,2023-09-19 15:00:00+00:00,0.04783545,0.048,0.04877251,0.048834186,0.042455208,0.04554214,0.04570736,Rocky Flats,39.912799,-105.188587
2855,2023-09-19 16:00:00+00:00,0.04922268,0.05,0.050513186,0.05220423,0.04570124,0.04885031,0.04970455,Rocky Flats,39.912799,-105.188587
2856,2023-09-19 17:00:00+00:00,0.051970128,0.05,0.05082261,0.05420937,0.049181942,0.051534317,0.052686516,Rocky Flats,39.912799,-105.188587
2857,2023-09-19 18:00:00+00:00,0.051841285,0.052,0.054428685,0.055124376,0.052318912,0.05282964,0.055449113,Rocky Flats,39.912799,-105.188587
2858,2023-09-19 19:00:00+00:00,0.05288228,0.052,0.05439775,0.05333525,0.055083435,0.053984813,0.058198564,Rocky Flats,39.912799,-105.188587
2859,2023-09-19 20:00:00+00:00,0.051684923,0.055,0.054494802,0.053812034,0.05637826,0.05435734,0.061071914,Rocky Flats,39.912799,-105.188587
2860,2023-09-19 21:00:00+00:00,0.055249415,0.053,0.05123827,0.054998256,0.056596376,0.054012716,0.06239187,Rocky Flats,39.912799,-105.188587
2861,2023-09-19 22:00:00+00:00,0.05234753,0.053,0.054710045,0.050821196,0.053499445,0.053469248,0.06117665,Rocky Flats,39.912799,-105.188587
2862,2023-09-19 23:00:00+00:00,0.051582064,0.052,0.052750036,0.046846863,0.052105024,0.052091982,0.0558257,Rocky Flats,39.912799,-105.188587
2863,2023-09-20 00:00:00+00:00,0.04977307,0.052,0.04910113,0.052372303,0.04985322,0.049916796,0.05092478,Rocky Flats,39.912799,-105.188587
2864,2023-09-20 01:00:00+00:00,0.049312666,0.05,0.046422206,0.046614956,0.045856915,0.04710849,0.047163397,Rocky Flats,39.912799,-105.188587
2865,2023-09-20 02:00:00+00:00,0.048445996,0.048,0.047500502,0.039543547,0.043801207,0.04477264,0.04510695,Rocky Flats,39.912799,-105.188587
2866,2023-09-20 03:00:00+00:00,0.04677978,0.044,0.047092367,0.03882775,0.043539286,0.043005943,0.04430346,Rocky Flats,39.912799,-105.188587
2867,2023-09-20 04:00:00+00:00,0.043321475,0.045,0.04650572,0.04067263,0.042467706,0.041472673,0.043704454,Rocky Flats,39.912799,-105.188587
2868,2023-09-20 05:00:00+00:00,0.045118276,0.045,0.04344546,0.042096894,0.04005566,0.039673626,0.042658925,Rocky Flats,39.912799,-105.188587
2869,2023-09-20 06:00:00+00:00,0.045105156,0.043,0.04545968,0.043656293,0.037993327,0.037058264,0.041969225,Rocky Flats,39.912799,-105.188587
2870,2023-09-20 07:00:00+00:00,0.042826198,0.044,0.045154262,0.042502735,0.03830391,0.037305407,0.040761013,Rocky Flats,39.912799,-105.188587
2871,2023-09-20 08:00:00+00:00,0.044296987,0.044,0.042196844,0.043409716,0.039034326,0.037519984,0.040742923,Rocky Flats,39.912799,-105.188587
2872,2023-09-20 09:00:00+00:00,0.0442254,0.044,0.04468386,0.04244702,0.040013798,0.034018077,0.040785298,Rocky Flats,39.912799,-105.188587
2873,2023-09-20 10:00:00+00:00,0.04392399,0.043,0.044373155,0.040094867,0.039597068,0.034962434,0.040144056,Rocky Flats,39.912799,-105.188587
2874,2023-09-20 11:00:00+00:00,0.043129753,0.044,0.044291746,0.039183207,0.040428285,0.034705672,0.038028795,Rocky Flats,39.912799,-105.188587
2875,2023-09-20 12:00:00+00:00,0.04316334,0.043,0.0438909,0.036696143,0.04020323,0.03370722,0.038414404,Rocky Flats,39.912799,-105.188587
2876,2023-09-20 13:00:00+00:00,0.041685123,0.04,0.042665455,0.035271965,0.03789882,0.03376748,0.039573185,Rocky Flats,39.912799,-105.188587
2877,2023-09-20 14:00:00+00:00,0.03930957,0.039,0.042209886,0.035869725,0.038748126,0.0345982,0.038041033,Rocky Flats,39.912799,-105.188587
2878,2023-09-20 15:00:00+00:00,0.040731005,0.039,0.042445704,0.03953525,0.039825458,0.037738085,0.038476843,Rocky Flats,39.912799,-105.188587
2879,2023-09-20 16:00:00+00:00,0.042337775,0.04,0.045722634,0.04438812,0.042383883,0.041976042,0.04196767,Rocky Flats,39.912799,-105.188587
2880,2023-09-20 17:00:00+00:00,0.044064146,0.042,0.04923259,0.048294477,0.046002463,0.045504626,0.045106534,Rocky Flats,39.912799,-105.188587
2881,2023-09-20 18:00:00+00:00,0.045603063,0.047,0.050983373,0.052832108,0.048572227,0.05012819,0.04728537,Rocky Flats,39.912799,-105.188587
2882,2023-09-20 19:00:00+00:00,0.05051738,0.051,0.050844662,0.05593798,0.05098468,0.05380822,0.047648754,Rocky Flats,39.912799,-105.188587
2883,2023-09-20 20:00:00+00:00,0.053349286,0.053,0.055551995,0.056903906,0.052050713,0.056404024,0.04912729,Rocky Flats,39.912799,-105.188587
2884,2023-09-20 21:00:00+00:00,0.05424502,0.054,0.055859923,0.057161015,0.052863263,0.056845628,0.050453015,Rocky Flats,39.912799,-105.188587
2885,2023-09-20 22:00:00+00:00,0.0531288,0.05,0.05604143,0.061486322,0.052387353,0.055118114,0.047884256,Rocky Flats,39.912799,-105.188587
2886,2023-09-20 23:00:00+00:00,0.048465714,0.047,0.052111328,0.06094286,0.050305586,0.053839643,0.04578984,Rocky Flats,39.912799,-105.188587
2887,2023-09-21 00:00:00+00:00,0.045924123,0.04,0.045367792,0.05659432,0.047452014,0.052103806,0.04247954,Rocky Flats,39.912799,-105.188587
2888,2023-09-21 01:00:00+00:00,0.03936479,0.037,0.043200314,0.047175366,0.046962008,0.048668552,0.04050229,Rocky Flats,39.912799,-105.188587
2889,2023-09-21 02:00:00+00:00,0.037842836,0.038,0.039687295,0.04300025,0.046327706,0.045959488,0.0403121,Rocky Flats,39.912799,-105.188587
2890,2023-09-21 03:00:00+00:00,0.038822953,0.038,0.039569184,0.039933953,0.04498926,0.043921527,0.040521186,Rocky Flats,39.912799,-105.188587
2891,2023-09-21 04:00:00+00:00,0.038414817,0.037,0.040475935,0.03849044,0.042535942,0.04237325,0.040872354,Rocky Flats,39.912799,-105.188587
2892,2023-09-21 05:00:00+00:00,0.03735319,0.035,0.040299643,0.037143294,0.04098305,0.042057976,0.040659804,Rocky Flats,39.912799,-105.188587
2893,2023-09-21 06:00:00+00:00,0.035803802,0.031000000000000003,0.038708482,0.037867703,0.039919943,0.042093974,0.04054863,Rocky Flats,39.912799,-105.188587
2894,2023-09-21 07:00:00+00:00,0.032727633,0.029000000000000005,0.03718532,0.037715737,0.03918519,0.041984458,0.039761383,Rocky Flats,39.912799,-105.188587
2895,2023-09-21 08:00:00+00:00,0.031409003,0.029000000000000005,0.035033233,0.036335018,0.039141834,0.041288793,0.03884234,Rocky Flats,39.912799,-105.188587
2896,2023-09-21 09:00:00+00:00,0.031132802,0.032,0.033981796,0.035241775,0.03922479,0.0414814,0.038166635,Rocky Flats,39.912799,-105.188587
2897,2023-09-21 10:00:00+00:00,0.032430638,0.033,0.03311347,0.0343214,0.038389258,0.041109852,0.038459405,Rocky Flats,39.912799,-105.188587
2898,2023-09-21 11:00:00+00:00,0.03291752,0.034,0.032810256,0.032729976,0.036327474,0.04049499,0.039004024,Rocky Flats,39.912799,-105.188587
2899,2023-09-21 12:00:00+00:00,0.033743966,0.032,0.033416405,0.030826334,0.034430742,0.039107844,0.03811145,Rocky Flats,39.912799,-105.188587
2900,2023-09-21 13:00:00+00:00,0.03204432,0.032,0.03377565,0.030133914,0.03336319,0.03881367,0.036555924,Rocky Flats,39.912799,-105.188587
2901,2023-09-21 14:00:00+00:00,0.0332454,0.03,0.03320463,0.03248701,0.033905875,0.03980858,0.037594248,Rocky Flats,39.912799,-105.188587
2902,2023-09-21 15:00:00+00:00,0.032988917,0.033,0.036977902,0.03665743,0.03617582,0.042580508,0.039459623,Rocky Flats,39.912799,-105.188587
2903,2023-09-21 16:00:00+00:00,0.037128206,0.036,0.038600102,0.04116352,0.03932882,0.045778915,0.04336076,Rocky Flats,39.912799,-105.188587
2904,2023-09-21 17:00:00+00:00,0.040368296,0.04,0.044481978,0.045580063,0.04307997,0.04825069,0.04650512,Rocky Flats,39.912799,-105.188587
2905,2023-09-21 18:00:00+00:00,0.043920364,0.044,0.048232004,0.04723947,0.04593612,0.049546577,0.048874475,Rocky Flats,39.912799,-105.188587
2906,2023-09-21 19:00:00+00:00,0.047170796,0.049,0.050397426,0.050052896,0.04782046,0.049935147,0.050276767,Rocky Flats,39.912799,-105.188587
2907,2023-09-21 20:00:00+00:00,0.051876027,0.049,0.052353404,0.05242588,0.048813254,0.05009624,0.050681073,Rocky Flats,39.912799,-105.188587
2908,2023-09-21 21:00:00+00:00,0.048614506,0.05,0.05586895,0.05556966,0.04812365,0.050105117,0.05019353,Rocky Flats,39.912799,-105.188587
2909,2023-09-21 22:00:00+00:00,0.04937589,0.048,0.049124926,0.058402125,0.04776141,0.04931794,0.049111053,Rocky Flats,39.912799,-105.188587
2910,2023-09-21 23:00:00+00:00,0.047442447,0.049,0.047986608,0.059021633,0.04687226,0.047455553,0.04704912,Rocky Flats,39.912799,-105.188587
2911,2023-09-22 00:00:00+00:00,0.048236623,0.047,0.044789035,0.047223497,0.045135204,0.046278313,0.044316176,Rocky Flats,39.912799,-105.188587
2912,2023-09-22 01:00:00+00:00,0.044537332,0.043,0.045365926,0.04410365,0.045568634,0.04282308,0.041154385,Rocky Flats,39.912799,-105.188587
2913,2023-09-22 02:00:00+00:00,0.041792948,0.043,0.04304762,0.04193013,0.0452393,0.040837392,0.03956891,Rocky Flats,39.912799,-105.188587
2914,2023-09-22 03:00:00+00:00,0.042332746,0.041,0.04120883,0.04023888,0.04282005,0.039244823,0.038751435,Rocky Flats,39.912799,-105.188587
2915,2023-09-22 04:00:00+00:00,0.040257633,0.043,0.041903265,0.038931377,0.041316055,0.038881734,0.03776483,Rocky Flats,39.912799,-105.188587
2916,2023-09-22 05:00:00+00:00,0.04255284,0.042,0.038961776,0.03770748,0.040596403,0.039081376,0.036884382,Rocky Flats,39.912799,-105.188587
2917,2023-09-22 06:00:00+00:00,0.041364428,0.041,0.041905746,0.037301,0.040419064,0.03993993,0.034879286,Rocky Flats,39.912799,-105.188587
2918,2023-09-22 07:00:00+00:00,0.040680014,0.037,0.040567126,0.036294498,0.03948868,0.039499197,0.03398871,Rocky Flats,39.912799,-105.188587
2919,2023-09-22 08:00:00+00:00,0.037272982,0.037,0.04057979,0.037518516,0.039110057,0.04004716,0.03375913,Rocky Flats,39.912799,-105.188587
2920,2023-09-22 09:00:00+00:00,0.0371221,0.037,0.037348058,0.037796035,0.038967025,0.0406633,0.035001803,Rocky Flats,39.912799,-105.188587
2921,2023-09-22 10:00:00+00:00,0.036783528,0.035,0.037021365,0.037710194,0.03706081,0.04134504,0.03709587,Rocky Flats,39.912799,-105.188587
2922,2023-09-22 11:00:00+00:00,0.034210403,0.037,0.036639795,0.03523697,0.03607388,0.041650757,0.038287673,Rocky Flats,39.912799,-105.188587
2923,2023-09-22 12:00:00+00:00,0.03603927,0.034,0.033491112,0.033294328,0.034827303,0.040746123,0.036150124,Rocky Flats,39.912799,-105.188587
2924,2023-09-22 13:00:00+00:00,0.033466887,0.031000000000000003,0.0354262,0.031968523,0.03432018,0.04001655,0.035797656,Rocky Flats,39.912799,-105.188587
2925,2023-09-22 14:00:00+00:00,0.03147044,0.038,0.034722295,0.03198279,0.034460496,0.039583102,0.03763073,Rocky Flats,39.912799,-105.188587
2926,2023-09-22 15:00:00+00:00,0.040189534,0.042,0.035880864,0.036322847,0.035667,0.041547112,0.03860581,Rocky Flats,39.912799,-105.188587
2927,2023-09-22 16:00:00+00:00,0.043288488,0.043,0.04535908,0.04030323,0.037784837,0.044228923,0.043357123,Rocky Flats,39.912799,-105.188587
2928,2023-09-22 17:00:00+00:00,0.045416582,0.047,0.047338597,0.042825926,0.039486174,0.045989003,0.045326535,Rocky Flats,39.912799,-105.188587
2929,2023-09-22 18:00:00+00:00,0.05043371,0.051,0.05020374,0.047130313,0.042042915,0.045898695,0.047253437,Rocky Flats,39.912799,-105.188587
2930,2023-09-22 19:00:00+00:00,0.05361342,0.055,0.054682977,0.049219813,0.043330524,0.044341322,0.047961067,Rocky Flats,39.912799,-105.188587
2931,2023-09-22 20:00:00+00:00,0.056997214,0.06,0.057684258,0.05273947,0.04329146,0.04284615,0.04826468,Rocky Flats,39.912799,-105.188587
2932,2023-09-22 21:00:00+00:00,0.061747864,0.062000000000000006,0.06077059,0.054732896,0.04489638,0.04051679,0.04824083,Rocky Flats,39.912799,-105.188587
2933,2023-09-22 22:00:00+00:00,0.061899595,0.064,0.06304849,0.05727808,0.04451115,0.03937797,0.04765132,Rocky Flats,39.912799,-105.188587
2934,2023-09-22 23:00:00+00:00,0.0629178,0.065,0.061254166,0.059059292,0.044939622,0.03833655,0.045935147,Rocky Flats,39.912799,-105.188587
2935,2023-09-23 00:00:00+00:00,0.062387276,0.062000000000000006,0.060810044,0.059721723,0.045202006,0.036793806,0.043578368,Rocky Flats,39.912799,-105.188587
2936,2023-09-23 01:00:00+00:00,0.057257716,0.061,0.05782667,0.057204057,0.04513122,0.03803159,0.041832786,Rocky Flats,39.912799,-105.188587
2937,2023-09-23 02:00:00+00:00,0.057977498,0.053,0.05449159,0.054249074,0.04544256,0.039335057,0.04009734,Rocky Flats,39.912799,-105.188587
2938,2023-09-23 03:00:00+00:00,0.050273657,0.047,0.057123505,0.051876437,0.04647032,0.039840154,0.03892217,Rocky Flats,39.912799,-105.188587
2939,2023-09-23 04:00:00+00:00,0.046123844,0.046,0.049021192,0.050598044,0.047132246,0.04128462,0.037343957,Rocky Flats,39.912799,-105.188587
2940,2023-09-23 05:00:00+00:00,0.045654844,0.048,0.04627239,0.04995398,0.048028573,0.041700117,0.034931377,Rocky Flats,39.912799,-105.188587
2941,2023-09-23 06:00:00+00:00,0.047539365,0.05,0.04496881,0.04677753,0.048989743,0.04266158,0.034123514,Rocky Flats,39.912799,-105.188587
2942,2023-09-23 07:00:00+00:00,0.04961251,0.039,0.046151955,0.044578876,0.04829801,0.043640837,0.032663815,Rocky Flats,39.912799,-105.188587
2943,2023-09-23 08:00:00+00:00,0.039363485,0.048,0.04981587,0.04209984,0.049227223,0.044067405,0.03292425,Rocky Flats,39.912799,-105.188587
2944,2023-09-23 09:00:00+00:00,0.047576495,0.048,0.03931574,0.0421039,0.047847357,0.044605237,0.033757217,Rocky Flats,39.912799,-105.188587
2945,2023-09-23 10:00:00+00:00,0.04766855,0.04,0.04863382,0.04454731,0.045564894,0.04418811,0.034795985,Rocky Flats,39.912799,-105.188587
2946,2023-09-23 11:00:00+00:00,0.039540987,0.041,0.048037086,0.038293596,0.04248595,0.044492032,0.03528369,Rocky Flats,39.912799,-105.188587
2947,2023-09-23 12:00:00+00:00,0.03967921,0.052,0.04070908,0.04196094,0.040168088,0.044584963,0.03514576,Rocky Flats,39.912799,-105.188587
2948,2023-09-23 13:00:00+00:00,0.050202988,0.053,0.039483234,0.04264092,0.041426823,0.043705977,0.0369854,Rocky Flats,39.912799,-105.188587
2949,2023-09-23 14:00:00+00:00,0.05119195,0.053,0.04983421,0.039888985,0.038910724,0.042719875,0.03925696,Rocky Flats,39.912799,-105.188587
2950,2023-09-23 15:00:00+00:00,0.052300118,0.055,0.05238609,0.041905675,0.044061773,0.04292065,0.040873352,Rocky Flats,39.912799,-105.188587
2951,2023-09-23 16:00:00+00:00,0.055865273,0.055,0.054929845,0.04940886,0.048976775,0.045949947,0.044983402,Rocky Flats,39.912799,-105.188587
2952,2023-09-23 17:00:00+00:00,0.05649833,0.053,0.057795197,0.05285831,0.05051368,0.05187895,0.047638442,Rocky Flats,39.912799,-105.188587
2953,2023-09-23 18:00:00+00:00,0.05422994,0.051,0.05758513,0.055198975,0.053314924,0.053235564,0.04879941,Rocky Flats,39.912799,-105.188587
2954,2023-09-23 19:00:00+00:00,0.051835597,0.051,0.05521463,0.058465797,0.05869236,0.055353582,0.04950977,Rocky Flats,39.912799,-105.188587
2955,2023-09-23 20:00:00+00:00,0.05182369,0.052,0.0542133,0.06258842,0.059839167,0.057133097,0.050485432,Rocky Flats,39.912799,-105.188587
2956,2023-09-23 21:00:00+00:00,0.053379674,0.053,0.05296546,0.06341231,0.062443983,0.057557046,0.051763408,Rocky Flats,39.912799,-105.188587
2957,2023-09-23 22:00:00+00:00,0.054235797,0.054,0.054738816,0.062240712,0.06548691,0.058261603,0.053681277,Rocky Flats,39.912799,-105.188587
2958,2023-09-23 23:00:00+00:00,0.05474564,0.06,0.055732932,0.06043483,0.06731397,0.060355015,0.05378276,Rocky Flats,39.912799,-105.188587
2959,2023-09-24 00:00:00+00:00,0.059443433,0.055,0.055376858,0.0590714,0.06496642,0.059280932,0.051545154,Rocky Flats,39.912799,-105.188587
2960,2023-09-24 01:00:00+00:00,0.053051744,0.053,0.057618458,0.054617167,0.059410974,0.05656399,0.048465483,Rocky Flats,39.912799,-105.188587
2961,2023-09-24 02:00:00+00:00,0.052168656,0.056,0.052236687,0.050678115,0.052772265,0.05331294,0.045704428,Rocky Flats,39.912799,-105.188587
2962,2023-09-24 03:00:00+00:00,0.055004492,0.052,0.052095607,0.04963735,0.050000608,0.05098013,0.0437333,Rocky Flats,39.912799,-105.188587
2963,2023-09-24 04:00:00+00:00,0.050969873,0.049,0.05459666,0.04892454,0.048570998,0.04884446,0.04363523,Rocky Flats,39.912799,-105.188587
2964,2023-09-24 05:00:00+00:00,0.048901413,0.046,0.0501683,0.047576446,0.047779348,0.04729573,0.044489205,Rocky Flats,39.912799,-105.188587
2965,2023-09-24 06:00:00+00:00,0.046584103,0.046,0.04896994,0.04877151,0.04803087,0.04632221,0.044605885,Rocky Flats,39.912799,-105.188587
2966,2023-09-24 07:00:00+00:00,0.046879347,0.045,0.046620112,0.048517976,0.04721433,0.045157712,0.044741835,Rocky Flats,39.912799,-105.188587
2967,2023-09-24 08:00:00+00:00,0.04582105,0.045,0.04760675,0.04729813,0.046635415,0.044674005,0.044781424,Rocky Flats,39.912799,-105.188587
2968,2023-09-24 09:00:00+00:00,0.045202736,0.045,0.04638737,0.04545915,0.047342665,0.04443558,0.043638185,Rocky Flats,39.912799,-105.188587
2969,2023-09-24 10:00:00+00:00,0.044941097,0.046,0.0461614,0.04573766,0.04708811,0.044591013,0.04220966,Rocky Flats,39.912799,-105.188587
2970,2023-09-24 11:00:00+00:00,0.045167632,0.046,0.046450984,0.04437032,0.045417063,0.044486098,0.041180365,Rocky Flats,39.912799,-105.188587
2971,2023-09-24 12:00:00+00:00,0.04457745,0.043,0.04617439,0.043297663,0.043341868,0.04431361,0.04043445,Rocky Flats,39.912799,-105.188587
2972,2023-09-24 13:00:00+00:00,0.041826595,0.043,0.045615464,0.042407107,0.042465966,0.0447632,0.040366795,Rocky Flats,39.912799,-105.188587
2973,2023-09-24 14:00:00+00:00,0.042397127,0.04,0.043723214,0.041836724,0.042170785,0.045779984,0.040960677,Rocky Flats,39.912799,-105.188587
2974,2023-09-24 15:00:00+00:00,0.041511744,0.043,0.045100603,0.043597896,0.04338361,0.047017775,0.042348146,Rocky Flats,39.912799,-105.188587
2975,2023-09-24 16:00:00+00:00,0.04612554,0.046,0.046622705,0.046721406,0.046270948,0.048376754,0.04760112,Rocky Flats,39.912799,-105.188587
2976,2023-09-24 17:00:00+00:00,0.049408272,0.049,0.05286622,0.051868055,0.04940264,0.051291067,0.05266251,Rocky Flats,39.912799,-105.188587
2977,2023-09-24 18:00:00+00:00,0.051912516,0.055,0.05512824,0.05577174,0.052334692,0.053608023,0.057487153,Rocky Flats,39.912799,-105.188587
2978,2023-09-24 19:00:00+00:00,0.05857077,0.06,0.056840755,0.060581937,0.05421739,0.056300983,0.061108038,Rocky Flats,39.912799,-105.188587
2979,2023-09-24 20:00:00+00:00,0.06240967,0.064,0.063488595,0.0635687,0.05628361,0.05903233,0.06341314,Rocky Flats,39.912799,-105.188587
2980,2023-09-24 21:00:00+00:00,0.06538916,0.065,0.06593159,0.06728896,0.058080755,0.059424747,0.064314865,Rocky Flats,39.912799,-105.188587
2981,2023-09-24 22:00:00+00:00,0.06489835,0.064,0.0671791,0.07162249,0.059711095,0.0581906,0.065476455,Rocky Flats,39.912799,-105.188587
2982,2023-09-24 23:00:00+00:00,0.06232813,0.062000000000000006,0.064776346,0.06965386,0.059013616,0.055655543,0.06504868,Rocky Flats,39.912799,-105.188587
2983,2023-09-25 00:00:00+00:00,0.058939036,0.06,0.060633313,0.06477702,0.056215275,0.053013965,0.060686357,Rocky Flats,39.912799,-105.188587
2984,2023-09-25 01:00:00+00:00,0.056049094,0.059000000000000004,0.055236477,0.05935514,0.05358628,0.04974639,0.056012172,Rocky Flats,39.912799,-105.188587
2985,2023-09-25 02:00:00+00:00,0.056492876,0.05800000000000001,0.05450498,0.05510887,0.051722646,0.047478057,0.05193017,Rocky Flats,39.912799,-105.188587
2986,2023-09-25 03:00:00+00:00,0.056061205,0.05800000000000001,0.055473566,0.051568728,0.050774615,0.045739602,0.04899457,Rocky Flats,39.912799,-105.188587
2987,2023-09-25 04:00:00+00:00,0.056667775,0.056,0.05552417,0.050798047,0.049726173,0.04393734,0.046265233,Rocky Flats,39.912799,-105.188587
2988,2023-09-25 05:00:00+00:00,0.0551278,0.055,0.056830563,0.05008107,0.048132695,0.04315955,0.043180805,Rocky Flats,39.912799,-105.188587
2989,2023-09-25 06:00:00+00:00,0.05480835,0.054,0.055091575,0.05004196,0.04623065,0.04307649,0.040956028,Rocky Flats,39.912799,-105.188587
2990,2023-09-25 07:00:00+00:00,0.053528782,0.052,0.054968942,0.050869323,0.046429705,0.043537367,0.040094852,Rocky Flats,39.912799,-105.188587
2991,2023-09-25 08:00:00+00:00,0.05181555,0.053,0.052265733,0.050385945,0.046945043,0.043537825,0.039939426,Rocky Flats,39.912799,-105.188587
2992,2023-09-25 09:00:00+00:00,0.052673567,0.051,0.05128972,0.050661143,0.048144124,0.043353535,0.039722424,Rocky Flats,39.912799,-105.188587
2993,2023-09-25 10:00:00+00:00,0.050148405,0.055,0.052412752,0.04914692,0.04976075,0.04246257,0.039505817,Rocky Flats,39.912799,-105.188587
2994,2023-09-25 11:00:00+00:00,0.05364307,0.051,0.050508786,0.049231146,0.04985864,0.043697897,0.03906727,Rocky Flats,39.912799,-105.188587
2995,2023-09-25 12:00:00+00:00,0.04927224,0.054,0.05494581,0.04972873,0.04892786,0.044553593,0.03901252,Rocky Flats,39.912799,-105.188587
2996,2023-09-25 13:00:00+00:00,0.051605202,0.051,0.05012499,0.047946114,0.04682321,0.044803973,0.03862916,Rocky Flats,39.912799,-105.188587
2997,2023-09-25 14:00:00+00:00,0.048777703,0.052,0.05313504,0.05134109,0.04520557,0.046012655,0.038029358,Rocky Flats,39.912799,-105.188587
2998,2023-09-25 15:00:00+00:00,0.05199327,0.052,0.050739855,0.05071354,0.04533928,0.047075164,0.037382893,Rocky Flats,39.912799,-105.188587
2999,2023-09-25 16:00:00+00:00,0.05393768,0.047,0.05556837,0.055151388,0.04752145,0.048900995,0.039774302,Rocky Flats,39.912799,-105.188587
3000,2023-09-25 17:00:00+00:00,0.048983995,0.052,0.058446333,0.056156788,0.05278834,0.050733715,0.043267258,Rocky Flats,39.912799,-105.188587
3001,2023-09-25 18:00:00+00:00,0.055916406,0.059000000000000004,0.05461025,0.059900757,0.055721924,0.05368878,0.0481071,Rocky Flats,39.912799,-105.188587
3002,2023-09-25 19:00:00+00:00,0.062385634,0.062000000000000006,0.061045103,0.062489044,0.05931539,0.05700329,0.05342641,Rocky Flats,39.912799,-105.188587
3003,2023-09-25 20:00:00+00:00,0.063652426,0.065,0.06708444,0.059946526,0.061557565,0.060388908,0.057509817,Rocky Flats,39.912799,-105.188587
3004,2023-09-25 21:00:00+00:00,0.066369444,0.069,0.06732556,0.0651296,0.06633741,0.06384781,0.06047415,Rocky Flats,39.912799,-105.188587
3005,2023-09-25 22:00:00+00:00,0.069475345,0.069,0.068729736,0.07249425,0.06913025,0.06494198,0.06268747,Rocky Flats,39.912799,-105.188587
3006,2023-09-25 23:00:00+00:00,0.067146316,0.068,0.06979753,0.070478,0.06737627,0.065530255,0.06329039,Rocky Flats,39.912799,-105.188587
3007,2023-09-26 00:00:00+00:00,0.06467556,0.065,0.06486611,0.06533788,0.06568722,0.06281358,0.061510142,Rocky Flats,39.912799,-105.188587
3008,2023-09-26 01:00:00+00:00,0.060415577,0.066,0.060415383,0.06096082,0.061076034,0.059844635,0.058449224,Rocky Flats,39.912799,-105.188587
3009,2023-09-26 02:00:00+00:00,0.06317628,0.063,0.058400672,0.056762688,0.056899182,0.055218764,0.055768035,Rocky Flats,39.912799,-105.188587
3010,2023-09-26 03:00:00+00:00,0.060332626,0.05800000000000001,0.062413815,0.053421903,0.054801982,0.051742107,0.05359294,Rocky Flats,39.912799,-105.188587
3011,2023-09-26 04:00:00+00:00,0.056508906,0.061,0.059785537,0.05307101,0.054223057,0.050745934,0.05184854,Rocky Flats,39.912799,-105.188587
3012,2023-09-26 05:00:00+00:00,0.06053299,0.063,0.05702272,0.053424742,0.05281755,0.05090949,0.049997155,Rocky Flats,39.912799,-105.188587
3013,2023-09-26 06:00:00+00:00,0.06210843,0.056999999999999995,0.060702205,0.05359675,0.050746236,0.049273483,0.048773933,Rocky Flats,39.912799,-105.188587
3014,2023-09-26 07:00:00+00:00,0.056677334,0.05800000000000001,0.061420247,0.052138437,0.050271176,0.047020912,0.047949944,Rocky Flats,39.912799,-105.188587
3015,2023-09-26 08:00:00+00:00,0.05761957,0.055,0.05686857,0.05345441,0.051169056,0.04557617,0.047004316,Rocky Flats,39.912799,-105.188587
3016,2023-09-26 09:00:00+00:00,0.054883536,0.05800000000000001,0.057471678,0.055007737,0.051993407,0.04445659,0.04577409,Rocky Flats,39.912799,-105.188587
3017,2023-09-26 10:00:00+00:00,0.05710076,0.056999999999999995,0.05463867,0.053301234,0.05177816,0.043061983,0.044687033,Rocky Flats,39.912799,-105.188587
3018,2023-09-26 11:00:00+00:00,0.05541473,0.05800000000000001,0.05789369,0.05319944,0.052224055,0.04344574,0.043568455,Rocky Flats,39.912799,-105.188587
3019,2023-09-26 12:00:00+00:00,0.055188745,0.056999999999999995,0.055735633,0.051846135,0.052329503,0.04534216,0.04247241,Rocky Flats,39.912799,-105.188587
3020,2023-09-26 13:00:00+00:00,0.053778082,0.052,0.056135204,0.053638782,0.049913753,0.04652436,0.041462045,Rocky Flats,39.912799,-105.188587
3021,2023-09-26 14:00:00+00:00,0.049231086,0.054,0.05496465,0.0529914,0.048894197,0.04750503,0.040370468,Rocky Flats,39.912799,-105.188587
3022,2023-09-26 15:00:00+00:00,0.053988256,0.054,0.05177357,0.054752335,0.04852257,0.049418133,0.039304547,Rocky Flats,39.912799,-105.188587
3023,2023-09-26 16:00:00+00:00,0.0558783,0.052,0.058090802,0.05719954,0.051512618,0.052313734,0.04189046,Rocky Flats,39.912799,-105.188587
3024,2023-09-26 17:00:00+00:00,0.0544628,0.055,0.060337696,0.057828367,0.05432338,0.05489618,0.0460639,Rocky Flats,39.912799,-105.188587
3025,2023-09-26 18:00:00+00:00,0.058415666,0.064,0.05996649,0.061871737,0.05777903,0.058036663,0.052087367,Rocky Flats,39.912799,-105.188587
3026,2023-09-26 19:00:00+00:00,0.06812157,0.072,0.06268346,0.064222835,0.061011665,0.061487224,0.05851028,Rocky Flats,39.912799,-105.188587
3027,2023-09-26 20:00:00+00:00,0.07475068,0.077,0.07212909,0.06523166,0.06379301,0.06506935,0.06367351,Rocky Flats,39.912799,-105.188587
3028,2023-09-26 21:00:00+00:00,0.07770695,0.078,0.07702223,0.067136064,0.07001128,0.06884068,0.06831477,Rocky Flats,39.912799,-105.188587
3029,2023-09-26 22:00:00+00:00,0.0764888,0.075,0.07763651,0.07633626,0.07233138,0.07177547,0.07021077,Rocky Flats,39.912799,-105.188587
3030,2023-09-26 23:00:00+00:00,0.071882345,0.081,0.07462042,0.07761298,0.07198758,0.07265817,0.07067944,Rocky Flats,39.912799,-105.188587
3031,2023-09-27 00:00:00+00:00,0.07715501,0.083,0.06880103,0.072706275,0.06778032,0.07023855,0.06846073,Rocky Flats,39.912799,-105.188587
3032,2023-09-27 01:00:00+00:00,0.076043084,0.078,0.07193451,0.066090144,0.06484798,0.06641021,0.06456458,Rocky Flats,39.912799,-105.188587
3033,2023-09-27 02:00:00+00:00,0.07263278,0.073,0.071880616,0.060610387,0.0630658,0.060534913,0.060294792,Rocky Flats,39.912799,-105.188587
3034,2023-09-27 03:00:00+00:00,0.06964455,0.072,0.07209417,0.06010679,0.06283064,0.056385964,0.057156723,Rocky Flats,39.912799,-105.188587
3035,2023-09-27 04:00:00+00:00,0.070076935,0.064,0.06948949,0.061436087,0.061868988,0.05459844,0.05519293,Rocky Flats,39.912799,-105.188587
3036,2023-09-27 05:00:00+00:00,0.061892405,0.062000000000000006,0.06934185,0.06260695,0.059578843,0.05455179,0.053101223,Rocky Flats,39.912799,-105.188587
3037,2023-09-27 06:00:00+00:00,0.06127061,0.062000000000000006,0.058940865,0.062759474,0.05935316,0.05412478,0.051604114,Rocky Flats,39.912799,-105.188587
3038,2023-09-27 07:00:00+00:00,0.061644156,0.063,0.061492477,0.062707044,0.059789322,0.05268773,0.04997449,Rocky Flats,39.912799,-105.188587
3039,2023-09-27 08:00:00+00:00,0.062261093,0.06,0.06163228,0.055623773,0.060549732,0.05047919,0.048199054,Rocky Flats,39.912799,-105.188587
3040,2023-09-27 09:00:00+00:00,0.059098523,0.055,0.06320157,0.055765916,0.061202697,0.0476363,0.046385758,Rocky Flats,39.912799,-105.188587
3041,2023-09-27 10:00:00+00:00,0.05414224,0.048,0.06002438,0.05395986,0.060984503,0.047079552,0.04463948,Rocky Flats,39.912799,-105.188587
3042,2023-09-27 11:00:00+00:00,0.047069892,0.046,0.054876037,0.05509433,0.05794795,0.049475957,0.04359367,Rocky Flats,39.912799,-105.188587
3043,2023-09-27 12:00:00+00:00,0.04472672,0.047,0.04649026,0.053461593,0.05546348,0.051659107,0.0430376,Rocky Flats,39.912799,-105.188587
3044,2023-09-27 13:00:00+00:00,0.045043327,0.045,0.044209935,0.049403813,0.053878035,0.05387397,0.042725924,Rocky Flats,39.912799,-105.188587
3045,2023-09-27 14:00:00+00:00,0.04359735,0.045,0.04595217,0.043485247,0.053646825,0.056270074,0.04207808,Rocky Flats,39.912799,-105.188587
3046,2023-09-27 15:00:00+00:00,0.046150118,0.044,0.048020363,0.045627903,0.05379738,0.05687469,0.041885912,Rocky Flats,39.912799,-105.188587
3047,2023-09-27 16:00:00+00:00,0.04796248,0.049,0.052699313,0.05205771,0.054864246,0.059398577,0.047240414,Rocky Flats,39.912799,-105.188587
3048,2023-09-27 17:00:00+00:00,0.05463165,0.052,0.055437602,0.05658892,0.055522215,0.06253667,0.053544242,Rocky Flats,39.912799,-105.188587
3049,2023-09-27 18:00:00+00:00,0.056836296,0.053,0.059602715,0.061141673,0.05873514,0.066071995,0.060457665,Rocky Flats,39.912799,-105.188587
3050,2023-09-27 19:00:00+00:00,0.055746995,0.06,0.059947494,0.06339667,0.06268276,0.06926777,0.06651648,Rocky Flats,39.912799,-105.188587
3051,2023-09-27 20:00:00+00:00,0.06329902,0.064,0.058757354,0.06632557,0.06620264,0.07127198,0.071176484,Rocky Flats,39.912799,-105.188587
3052,2023-09-27 21:00:00+00:00,0.06532201,0.065,0.06574447,0.06752338,0.07112715,0.07201357,0.07459743,Rocky Flats,39.912799,-105.188587
3053,2023-09-27 22:00:00+00:00,0.06482896,0.062000000000000006,0.06628165,0.06688779,0.07248922,0.07432032,0.076960765,Rocky Flats,39.912799,-105.188587
3054,2023-09-27 23:00:00+00:00,0.060408127,0.061,0.06435868,0.06938736,0.07310812,0.07735787,0.07627586,Rocky Flats,39.912799,-105.188587
3055,2023-09-28 00:00:00+00:00,0.05851821,0.059000000000000004,0.057816453,0.065185145,0.069906384,0.07942835,0.07296719,Rocky Flats,39.912799,-105.188587
3056,2023-09-28 01:00:00+00:00,0.05568798,0.063,0.054979805,0.059391607,0.062805116,0.07591261,0.067877054,Rocky Flats,39.912799,-105.188587
3057,2023-09-28 02:00:00+00:00,0.060860135,0.059000000000000004,0.052909233,0.053000208,0.05808077,0.06925722,0.062490925,Rocky Flats,39.912799,-105.188587
3058,2023-09-28 03:00:00+00:00,0.056620017,0.05800000000000001,0.059452143,0.04972504,0.055418525,0.06366077,0.059150543,Rocky Flats,39.912799,-105.188587
3059,2023-09-28 04:00:00+00:00,0.056589507,0.056999999999999995,0.055548396,0.048819117,0.053831615,0.059566572,0.056446206,Rocky Flats,39.912799,-105.188587
3060,2023-09-28 05:00:00+00:00,0.056292113,0.053,0.056706514,0.050711535,0.050817955,0.057208747,0.053950246,Rocky Flats,39.912799,-105.188587
3061,2023-09-28 06:00:00+00:00,0.052695874,0.052,0.055768736,0.050176833,0.04857749,0.055946667,0.05164433,Rocky Flats,39.912799,-105.188587
3062,2023-09-28 07:00:00+00:00,0.05210321,0.047,0.052517116,0.049992796,0.0475242,0.05325634,0.048927113,Rocky Flats,39.912799,-105.188587
3063,2023-09-28 08:00:00+00:00,0.048012026,0.048,0.053189438,0.050179653,0.049147587,0.04966148,0.047576156,Rocky Flats,39.912799,-105.188587
3064,2023-09-28 09:00:00+00:00,0.0481127,0.047,0.048510395,0.048327357,0.049300168,0.045381594,0.045535635,Rocky Flats,39.912799,-105.188587
3065,2023-09-28 10:00:00+00:00,0.047560714,0.049,0.048667323,0.04940243,0.050099764,0.042305812,0.043877784,Rocky Flats,39.912799,-105.188587
3066,2023-09-28 11:00:00+00:00,0.0481521,0.047,0.04866698,0.046236128,0.04947697,0.041868273,0.04348118,Rocky Flats,39.912799,-105.188587
3067,2023-09-28 12:00:00+00:00,0.04539733,0.046,0.048415486,0.046548348,0.047084022,0.043879554,0.043450493,Rocky Flats,39.912799,-105.188587
3068,2023-09-28 13:00:00+00:00,0.044344686,0.04,0.045615897,0.046969622,0.045545258,0.044282567,0.043650795,Rocky Flats,39.912799,-105.188587
3069,2023-09-28 14:00:00+00:00,0.039557863,0.047,0.045356397,0.047377553,0.042952284,0.045076422,0.043438237,Rocky Flats,39.912799,-105.188587
3070,2023-09-28 15:00:00+00:00,0.048449654,0.048,0.042811107,0.047057364,0.04210588,0.046404134,0.0432013,Rocky Flats,39.912799,-105.188587
3071,2023-09-28 16:00:00+00:00,0.050417,0.052,0.05199596,0.048387337,0.045299813,0.04835481,0.045943983,Rocky Flats,39.912799,-105.188587
3072,2023-09-28 17:00:00+00:00,0.05472761,0.053,0.05457024,0.048812192,0.048228834,0.051510874,0.04913813,Rocky Flats,39.912799,-105.188587
3073,2023-09-28 18:00:00+00:00,0.0547987,0.056,0.05824102,0.05510151,0.05158251,0.053189058,0.05269531,Rocky Flats,39.912799,-105.188587
3074,2023-09-28 19:00:00+00:00,0.05777137,0.06,0.056505214,0.058343515,0.055286888,0.055177554,0.055267315,Rocky Flats,39.912799,-105.188587
3075,2023-09-28 20:00:00+00:00,0.061477218,0.064,0.05961919,0.060322296,0.056923114,0.057254303,0.05640989,Rocky Flats,39.912799,-105.188587
3076,2023-09-28 21:00:00+00:00,0.06506381,0.06,0.063586906,0.060776338,0.06207758,0.05891,0.05818507,Rocky Flats,39.912799,-105.188587
3077,2023-09-28 22:00:00+00:00,0.05879783,0.056,0.066499025,0.06207205,0.06171892,0.060276628,0.059162136,Rocky Flats,39.912799,-105.188587
3078,2023-09-28 23:00:00+00:00,0.05419709,0.055,0.058001515,0.063016355,0.060327712,0.058992475,0.057463486,Rocky Flats,39.912799,-105.188587
3079,2023-09-29 00:00:00+00:00,0.05205194,0.055,0.053471386,0.06018823,0.05528392,0.055029947,0.052598007,Rocky Flats,39.912799,-105.188587
3080,2023-09-29 01:00:00+00:00,0.05208331,0.056,0.049654875,0.052211035,0.0501664,0.052982405,0.04790596,Rocky Flats,39.912799,-105.188587
3081,2023-09-29 02:00:00+00:00,0.05416729,0.053,0.049635313,0.04722632,0.048371408,0.049385246,0.044451773,Rocky Flats,39.912799,-105.188587
3082,2023-09-29 03:00:00+00:00,0.05077231,0.054,0.053073827,0.044244137,0.048414618,0.047907103,0.041730803,Rocky Flats,39.912799,-105.188587
3083,2023-09-29 04:00:00+00:00,0.05279599,0.053,0.04978605,0.045877323,0.046580393,0.045037497,0.040253315,Rocky Flats,39.912799,-105.188587
3084,2023-09-29 05:00:00+00:00,0.05202202,0.054,0.052712716,0.04696608,0.044253457,0.04320346,0.038699936,Rocky Flats,39.912799,-105.188587
3085,2023-09-29 06:00:00+00:00,0.05332309,0.053,0.051231597,0.04528176,0.0418442,0.042196084,0.039282244,Rocky Flats,39.912799,-105.188587
3086,2023-09-29 07:00:00+00:00,0.052374333,0.054,0.05285755,0.04664574,0.04147764,0.042538937,0.03864116,Rocky Flats,39.912799,-105.188587
3087,2023-09-29 08:00:00+00:00,0.053227954,0.053,0.052396882,0.046330288,0.043058876,0.04178453,0.03853616,Rocky Flats,39.912799,-105.188587
3088,2023-09-29 09:00:00+00:00,0.051939063,0.051,0.052682117,0.04743404,0.043668073,0.03967212,0.037745886,Rocky Flats,39.912799,-105.188587
3089,2023-09-29 10:00:00+00:00,0.049759854,0.05,0.051212322,0.04760395,0.04581228,0.03782244,0.037866075,Rocky Flats,39.912799,-105.188587
3090,2023-09-29 11:00:00+00:00,0.048604626,0.049,0.049714785,0.047508087,0.04582378,0.040049236,0.03832072,Rocky Flats,39.912799,-105.188587
3091,2023-09-29 12:00:00+00:00,0.04728131,0.045,0.048835434,0.046770617,0.045352515,0.04094771,0.03920573,Rocky Flats,39.912799,-105.188587
3092,2023-09-29 13:00:00+00:00,0.043471456,0.041,0.046537574,0.044836063,0.044491816,0.040146302,0.041035492,Rocky Flats,39.912799,-105.188587
3093,2023-09-29 14:00:00+00:00,0.0406251,0.041,0.04364267,0.04290234,0.042980567,0.041215442,0.043802887,Rocky Flats,39.912799,-105.188587
3094,2023-09-29 15:00:00+00:00,0.042177808,0.044,0.042832922,0.04183978,0.041203048,0.041859485,0.044749323,Rocky Flats,39.912799,-105.188587
3095,2023-09-29 16:00:00+00:00,0.046594117,0.042,0.04562919,0.042677812,0.041063476,0.04340967,0.04674347,Rocky Flats,39.912799,-105.188587
3096,2023-09-29 17:00:00+00:00,0.044465326,0.04,0.051708456,0.045584895,0.043066688,0.04598287,0.048837215,Rocky Flats,39.912799,-105.188587
3097,2023-09-29 18:00:00+00:00,0.04258033,0.051,0.051144868,0.04911235,0.046097774,0.04667354,0.050938632,Rocky Flats,39.912799,-105.188587
3098,2023-09-29 19:00:00+00:00,0.056308568,0.05800000000000001,0.048572704,0.053414483,0.050725732,0.046449307,0.052800596,Rocky Flats,39.912799,-105.188587
3099,2023-09-29 20:00:00+00:00,0.06088763,0.056999999999999995,0.060977634,0.054433316,0.054694306,0.046948347,0.0541435,Rocky Flats,39.912799,-105.188587
3100,2023-09-29 21:00:00+00:00,0.056841563,0.056999999999999995,0.062967815,0.05379533,0.05803681,0.04723959,0.055257153,Rocky Flats,39.912799,-105.188587
3101,2023-09-29 22:00:00+00:00,0.05689336,0.056,0.057545125,0.061395224,0.06068567,0.046254855,0.054718472,Rocky Flats,39.912799,-105.188587
3102,2023-09-29 23:00:00+00:00,0.055053703,0.052,0.056565046,0.063497566,0.059012387,0.045977402,0.050946627,Rocky Flats,39.912799,-105.188587
3103,2023-09-30 00:00:00+00:00,0.04990835,0.049,0.052689403,0.0577154,0.05411481,0.04514266,0.046283763,Rocky Flats,39.912799,-105.188587
3104,2023-09-30 01:00:00+00:00,0.04662305,0.045,0.046425205,0.05363402,0.05426531,0.042875357,0.04395639,Rocky Flats,39.912799,-105.188587
3105,2023-09-30 02:00:00+00:00,0.044287503,0.044,0.04557561,0.04913869,0.052008808,0.042233173,0.042560432,Rocky Flats,39.912799,-105.188587
3106,2023-09-30 03:00:00+00:00,0.043559216,0.044,0.04406457,0.044177026,0.050143454,0.041519385,0.041053325,Rocky Flats,39.912799,-105.188587
3107,2023-09-30 04:00:00+00:00,0.043652963,0.045,0.043815892,0.043101054,0.048734177,0.040020783,0.04046404,Rocky Flats,39.912799,-105.188587
3108,2023-09-30 05:00:00+00:00,0.044622283,0.045,0.043523826,0.04118425,0.04673545,0.04194053,0.03941069,Rocky Flats,39.912799,-105.188587
3109,2023-09-30 06:00:00+00:00,0.044703417,0.045,0.044636816,0.039900973,0.043849465,0.042184677,0.03891158,Rocky Flats,39.912799,-105.188587
3110,2023-09-30 07:00:00+00:00,0.04487384,0.045,0.04483747,0.03892291,0.042542346,0.042085454,0.039330013,Rocky Flats,39.912799,-105.188587
3111,2023-09-30 08:00:00+00:00,0.045113254,0.044,0.045638975,0.03921811,0.042095162,0.041998003,0.038615182,Rocky Flats,39.912799,-105.188587
3112,2023-09-30 09:00:00+00:00,0.044061206,0.042,0.0462524,0.04001833,0.04193902,0.041182663,0.037691083,Rocky Flats,39.912799,-105.188587
3113,2023-09-30 10:00:00+00:00,0.041704927,0.04,0.04483472,0.04032815,0.041125763,0.039680928,0.038794465,Rocky Flats,39.912799,-105.188587
3114,2023-09-30 11:00:00+00:00,0.03952226,0.04,0.04167546,0.040794592,0.040411625,0.04014552,0.03816805,Rocky Flats,39.912799,-105.188587
3115,2023-09-30 12:00:00+00:00,0.03907354,0.04,0.03931559,0.039345063,0.03909314,0.0394621,0.037468504,Rocky Flats,39.912799,-105.188587
3116,2023-09-30 13:00:00+00:00,0.039008442,0.041,0.03846007,0.036995824,0.03811594,0.038723033,0.038041186,Rocky Flats,39.912799,-105.188587
3117,2023-09-30 14:00:00+00:00,0.04027434,0.04,0.03978776,0.036273357,0.03805468,0.03856665,0.03941201,Rocky Flats,39.912799,-105.188587
3118,2023-09-30 15:00:00+00:00,0.040821556,0.041,0.04256825,0.037728027,0.03863613,0.04049735,0.041008495,Rocky Flats,39.912799,-105.188587
3119,2023-09-30 16:00:00+00:00,0.04348092,0.041,0.045167785,0.041638542,0.040013622,0.043600816,0.042526767,Rocky Flats,39.912799,-105.188587
3120,2023-09-30 17:00:00+00:00,0.043943774,0.047,0.048956092,0.045648392,0.042853594,0.04685267,0.04442514,Rocky Flats,39.912799,-105.188587
3121,2023-09-30 18:00:00+00:00,0.05075964,0.05,0.04979098,0.04886689,0.045920894,0.04931302,0.04588492,Rocky Flats,39.912799,-105.188587
3122,2023-09-30 19:00:00+00:00,0.051955566,0.054,0.05527461,0.052052476,0.04886656,0.050396677,0.047135457,Rocky Flats,39.912799,-105.188587
3123,2023-09-30 20:00:00+00:00,0.055926803,0.059000000000000004,0.05497309,0.05317789,0.051231537,0.05079607,0.048204474,Rocky Flats,39.912799,-105.188587
3124,2023-09-30 21:00:00+00:00,0.060693134,0.051,0.05937767,0.05692019,0.053532746,0.05123322,0.049315065,Rocky Flats,39.912799,-105.188587
3125,2023-09-30 22:00:00+00:00,0.049254697,0.063,0.06271953,0.05843035,0.054643903,0.05085115,0.0506491,Rocky Flats,39.912799,-105.188587
3126,2023-09-30 23:00:00+00:00,0.063823774,0.047,0.04864719,0.059963565,0.053544667,0.05041575,0.0517233,Rocky Flats,39.912799,-105.188587
